11.60 -1.00 -1.52
24.45 -3.48 -0.68
22.17 -3.98 -1.88
24.43 -0.37 -0.74
23.01 -0.94 -1.96
20.02 -2.36 -2.22
19.58 0.05 -1.11
17.25 -4.65 -0.02
17.82 -0.72 0.09
16.04 -0.31 -0.96
14.05 -5.59 0.18
23.87 1.63 -0.93
22.27 1.54 -0.98
23.07 -0.16 -0.68
21.84 -1.45 -1.25
22.36 0.24 -0.46
20.83 0.24 -0.62
19.37 2.63 -0.95
20.82 -0.34 -1.18
19.60 -0.28 -1.44
19.56 0.49 -1.41
18.42 2.42 -1.28
17.92 1.93 -0.01
17.62 -0.95 0.29
21.99 2.91 0.42
20.87 2.43 -0.48
20.85 2.63 -0.42
21.52 1.95 -0.37
17.46 3.16 -0.20
21.26 0.86 -0.50
22.46 0.29 -1.78
20.28 0.09 -0.79
20.27 1.49 -0.30
22.67 0.51 -1.62
21.99 0.46 -2.40
19.53 -0.28 -3.07
18.66 -2.49 -2.10
16.44 -0.43 -2.31
16.41 -0.72 -0.44
17.64 0.28 -1.05
18.52 -0.26 -1.53
18.87 -0.64 -1.36
16.70 -2.85 -0.70
18.54 -1.29 -0.29
14.92 -1.57 0.42
18.00 0.59 0.69
17.54 -0.85 -1.82
12.93 0.38 -0.88
15.11 0.25 -0.24
12.47 1.77 -0.23
16.24 -2.54 -0.83
18.31 -0.53 0.20
14.21 -0.36 0.57
18.68 1.91 0.49
16.79 -0.29 0.93
19.73 4.20 1.15
19.56 3.86 0.13
19.97 2.51 -0.32
19.37 0.50 -0.90
16.24 0.01 -0.67
15.80 1.79 -0.48
15.91 -0.33 0.12
16.49 2.52 -0.26
18.44 -1.06 -0.38
12.25 0.13 0.22
12.52 1.30 0.34
14.21 0.03 0.48
16.23 0.54 0.28
17.21 -0.52 0.07
20.32 3.50 0.20
20.27 4.60 -0.09
17.30 2.16 0.46
16.42 5.53 0.73
14.42 7.47 1.09
15.13 6.68 -0.05
15.71 3.47 0.33
17.10 1.07 -0.03
17.20 -0.74 -0.63
19.30 1.53 -1.44
16.99 -1.07 -0.97
20.24 1.29 -0.74
16.58 2.65 -0.33
20.25 3.15 -0.26
20.20 1.00 -0.75
14.42 -0.60 -0.10
15.74 2.68 -0.09
16.29 1.29 -0.42
16.93 0.84 -0.73
17.71 1.68 -0.69
19.44 1.85 -1.92
17.23 4.91 -2.55
13.00 3.59 -1.38
17.43 0.57 -0.93
17.65 -1.48 -1.62
11.90 -0.05 0.51
12.96 3.30 -0.46
19.53 1.04 -0.21
17.74 2.84 -0.11
17.16 3.62 -0.32
17.11 3.17 -0.52
15.36 2.26 2.12
19.96 2.15 0.62
20.40 1.58 0.32
17.44 -4.82 0.98
10.32 8.33 0.83
18.06 4.84 2.99
19.97 -1.76 -1.24
12.71 -7.03 -0.18
16.36 3.14 0.28
18.18 1.24 0.06
16.24 0.05 -0.47
14.57 -0.64 0.22
17.94 -0.17 0.00
21.19 -1.01 0.01
15.09 2.67 -1.17
18.82 1.70 -1.43
18.92 1.19 -1.77
18.47 0.26 -1.90
13.71 1.87 -0.34
14.83 0.51 0.33
17.46 -1.32 0.00
17.57 1.76 -1.25
16.52 3.33 -1.24
17.59 1.24 -1.11
20.33 4.04 -1.45
18.31 3.89 -2.23
17.23 2.35 -1.47
15.83 4.58 -0.81
19.71 0.57 -0.15
17.54 0.72 -1.61
14.46 2.43 -0.04
14.95 3.62 0.00
14.52 3.90 0.75
19.24 -1.56 -0.29
16.52 -2.62 -0.86
18.22 0.30 0.27
19.74 2.49 -0.44
19.76 0.46 -2.18
19.52 2.74 -2.34
17.81 2.72 -1.74
17.43 3.33 -0.80
18.93 4.59 -1.14
19.22 2.15 -1.22
19.02 0.44 -0.90
16.30 0.81 -0.98
16.09 -1.23 -0.53
17.87 -0.24 -0.36
16.64 5.83 0.86
17.41 6.33 -0.50
14.97 0.91 1.20
15.21 1.39 0.80
16.11 2.65 -0.76
13.27 4.44 1.10
16.42 4.07 0.76
19.74 3.42 -0.86
15.05 4.50 0.54
14.78 1.33 0.15
17.90 2.13 0.23
15.72 0.28 0.48
15.76 -0.45 0.17
15.97 0.48 1.05
14.17 1.05 0.72
15.95 2.50 -0.41
16.73 3.10 -1.23
18.47 3.01 -1.91
16.03 2.88 -1.93
16.99 -0.26 0.18
12.80 1.15 0.33
13.49 0.17 0.44
14.30 1.05 -0.23
16.98 0.01 -0.46
17.41 -2.99 -0.63
13.53 -2.22 0.01
16.62 -0.48 0.81
18.74 -1.34 -1.04
12.18 1.68 -1.40
18.64 -3.02 -0.66
21.70 -1.54 -1.06
22.09 0.85 -1.50
24.62 0.43 -3.77
16.65 -2.86 -0.96
22.17 -2.80 -0.56
21.74 -2.65 -2.32
17.19 -2.21 0.15
18.44 1.75 -1.13
11.77 2.70 0.50
16.27 2.74 1.00
17.80 1.48 0.35
20.25 -1.98 -1.42
18.41 -1.71 -1.37
18.52 -1.60 -1.50
23.96 -0.40 0.35
21.98 0.37 -1.50
22.82 -0.20 -1.74
24.35 -3.41 -3.01
24.30 -3.67 -1.89
22.04 -2.88 -1.84
21.91 -2.16 -3.28
21.06 -4.45 -0.79
23.78 -0.08 -1.03
20.32 -3.22 -1.16
21.84 -2.08 -1.26
21.76 0.60 -1.48
21.73 0.55 -0.29
20.63 0.15 -0.99
21.23 -1.00 -2.24
21.35 1.94 -2.92
22.02 1.30 -2.89
20.32 -0.40 -2.39
21.13 0.22 -0.77
18.08 1.81 -0.53
16.41 1.25 -0.04
18.01 3.37 0.02
13.62 5.86 -1.82
18.60 4.62 -0.51
20.11 -0.38 -0.86
20.82 0.38 -0.68
23.80 0.44 -0.44
18.21 -0.13 1.04
19.25 1.35 1.82
19.63 -3.90 0.73
19.05 -3.13 0.56
19.80 -1.14 0.03
19.73 4.33 -1.32
19.68 1.00 -1.75
18.21 -1.12 -1.57
16.07 -0.63 0.80
18.70 -1.76 4.19
19.40 0.04 2.05
21.35 1.25 3.48
22.84 1.48 -1.83
22.44 1.00 -0.18
18.13 2.26 -0.23
18.78 0.33 -0.30
20.32 0.01 0.61
23.89 -2.60 -0.14
23.74 0.61 -1.87
25.54 1.85 -3.18
21.56 0.72 -3.44
15.31 -1.34 -2.03
19.84 1.68 -0.22
22.10 -0.77 -0.88
22.18 -1.55 -1.00
23.29 -2.40 -1.00
22.79 0.24 -0.98
23.84 -0.02 -1.87
22.79 0.46 -1.93
24.68 1.40 -1.48
19.34 -1.13 -1.92
19.52 -0.36 -0.80
17.46 -2.86 0.02
20.09 0.20 0.33
23.30 5.00 -0.11
24.34 -0.52 -2.29
21.56 -2.47 -2.03
24.58 -2.83 -1.30
20.74 -3.05 -0.62
22.26 0.16 -1.18
24.27 2.20 0.11
24.56 1.24 -1.01
20.79 0.77 -1.17
19.06 -0.08 -0.97
20.49 -0.75 -0.33
19.99 0.36 -0.15
16.76 0.15 0.34
18.35 0.07 -1.01
18.16 1.50 -2.14
19.41 -1.36 -1.58
18.99 -0.37 -1.43
18.28 -2.62 -1.43
19.00 -1.92 0.30
20.60 -4.35 0.01
19.97 0.99 -1.50
20.92 -1.26 -1.53
22.08 -1.42 -0.94
23.05 -0.33 -1.57
18.66 4.33 -1.25
19.24 -0.01 -1.17
21.92 3.66 -1.62
21.73 2.20 -1.99
15.97 2.25 -0.23
16.72 -1.98 0.67
20.58 0.91 0.17
22.52 0.20 -0.70
23.67 -2.12 -2.23
23.46 2.75 -2.24
22.29 1.89 -1.86
20.50 0.13 -1.23
14.14 1.48 -2.05
9.45 2.13 -1.90
11.40 -1.58 -0.70
17.85 1.17 1.11
19.55 -0.52 0.52
19.92 0.80 -0.92
19.33 1.08 -0.83
19.74 0.01 -0.92
15.48 2.42 0.48
15.18 1.50 1.28
20.74 1.16 0.42
23.38 0.97 -1.97
18.18 -0.93 -2.47
21.23 -0.04 -0.23
19.98 -1.18 0.12
18.24 -1.90 0.25
22.51 3.32 -0.89
22.12 4.42 -0.86
20.37 0.46 -1.54
20.15 2.16 -0.70
23.45 2.11 -0.21
20.98 1.10 -0.51
22.82 1.61 -0.29
21.93 -0.21 0.66
20.27 -0.19 0.18
18.62 -2.89 0.33
18.68 -3.50 0.33
18.09 -3.33 0.10
17.30 -0.76 -0.72
12.67 2.79 1.60
24.27 -0.33 -1.19
22.40 -0.75 -1.72
23.20 -2.56 -1.32
20.30 -5.12 -1.07
23.51 -1.38 -1.41
24.43 -1.20 -0.45
22.72 -1.24 -1.38
23.91 -1.67 -1.20
21.85 -1.03 -1.48
24.21 -0.85 -1.42
21.56 0.95 -0.43
22.28 -0.77 0.09
23.43 -0.87 -1.35
23.18 -0.43 -1.10
22.32 -0.07 -1.61
21.65 0.04 -1.37
19.54 0.15 -1.06
19.75 -2.13 0.23
19.42 -1.83 0.74
19.14 -2.23 0.33
20.28 -2.42 -0.60
17.75 -2.72 -1.11
19.44 0.28 -0.79
20.46 -0.24 -0.97
20.86 0.49 -1.31
19.95 -0.13 -0.30
18.94 0.77 -0.99
20.08 -0.35 -1.26
20.74 -2.01 -2.01
21.04 0.14 -0.58
20.21 1.21 -0.97
20.13 0.30 -1.15
20.20 1.48 -0.76
19.46 1.33 -1.11
15.29 -0.57 -0.55
19.62 -0.37 -0.32
19.19 0.58 -0.59
17.70 -0.21 0.25
19.51 -0.04 -0.49
15.36 0.49 -0.65
16.97 -0.84 -0.79
18.46 -0.60 -0.43
16.33 1.45 -0.14
19.47 -0.32 -0.39
20.83 -0.66 -1.66
15.40 0.37 -1.60
15.96 2.15 1.48
18.50 3.94 -0.16
14.72 -2.47 1.52
18.17 3.06 2.43
16.67 0.01 1.49
22.11 0.90 -0.20
23.61 1.14 0.29
23.09 2.16 -0.92
13.73 0.44 -0.80
14.40 -0.78 0.80
20.08 4.37 1.02
16.69 5.82 1.37
20.15 5.79 2.93
19.26 4.39 -0.23
19.56 4.96 -1.10
18.66 2.44 -1.15
19.06 3.89 -0.97
18.39 2.00 -1.13
18.71 2.00 -1.56
17.20 4.27 -1.56
15.81 2.50 -1.00
13.09 1.50 0.38
17.99 0.87 0.36
15.89 -1.41 -0.23
18.19 2.33 -0.45
17.06 2.83 -0.41
19.73 -0.82 -1.20
21.77 0.44 -0.35
22.37 1.54 -1.09
16.69 0.03 -1.11
14.36 0.35 0.80
15.56 -3.82 -0.08
16.22 -5.96 -0.51
13.95 -2.98 0.32
13.31 -0.75 1.20
18.51 1.19 0.24
17.49 -2.21 -1.10
17.05 -1.01 -1.33
16.29 0.93 -1.26
15.26 2.24 -0.37
13.06 -0.65 -0.07
15.22 -1.13 -0.13
17.32 -2.09 0.27
20.02 -1.83 -2.09
16.97 -4.02 -1.97
21.51 0.92 -1.06
22.45 0.42 -1.80
16.43 2.30 -1.16
18.45 -0.95 -2.25
13.44 5.02 1.38
18.04 0.96 0.99
15.37 3.01 0.09
15.57 -1.19 -0.79
15.93 -1.14 -0.26
12.70 0.75 1.89
15.28 2.49 2.31
16.71 -1.32 2.90
21.51 -0.50 0.42
22.51 -0.57 -2.05
17.89 -0.85 -1.74
13.97 0.97 -0.64
16.57 1.03 0.55
18.92 0.11 0.68
20.43 0.43 -1.25
20.10 0.80 -1.51
19.09 2.09 -0.34
18.06 0.36 -0.33
18.16 2.24 -0.85
20.27 -1.18 -0.11
21.08 -2.31 -0.43
19.64 -1.08 -0.40
19.00 -3.04 0.04
17.01 -1.16 -0.02
18.17 0.45 -0.11
19.96 -0.45 -1.03
15.64 0.77 -1.73
13.38 2.99 -1.42
15.20 4.68 -0.94
15.06 3.35 -1.02
17.81 0.16 -1.78
14.31 1.00 -0.84
14.78 -0.84 -0.38
15.73 -0.42 -1.11
17.12 0.93 -1.73
9.01 0.57 0.05
14.52 -2.28 1.08
14.79 -0.94 0.50
15.83 -1.67 0.42
15.73 1.05 0.12
14.28 0.25 -0.09
17.44 2.80 -0.07
18.31 -2.04 0.22
19.28 -3.11 -0.34
14.52 2.60 0.56
15.22 2.32 -0.02
13.44 -0.50 -0.25
18.12 -1.94 0.47
17.98 -1.63 -0.42
17.60 0.96 -0.96
16.90 1.12 -0.97
16.44 -0.46 -0.67
13.62 -0.46 -1.07
14.73 -0.19 -0.43
14.17 -1.83 -0.24
15.30 0.95 -0.22
14.51 -0.33 -0.97
14.09 0.87 -1.51
14.92 3.27 -0.46
14.73 -1.23 -1.81
14.49 -0.99 -2.49
18.05 0.21 -0.11
12.98 -2.06 0.76
16.51 -2.20 0.87
15.67 -0.64 0.43
12.52 1.36 1.33
14.30 -0.87 1.21
13.97 -0.45 0.19
14.19 -1.77 -0.67
9.10 -1.26 0.19
11.18 0.01 2.55
12.96 1.31 2.21
13.03 2.80 0.42
16.26 2.23 -1.85
13.86 0.44 0.42
16.88 1.71 0.23
16.75 1.86 0.19
16.65 3.56 0.26
18.52 1.68 0.98
18.42 1.16 -0.04
18.10 1.48 -0.54
18.13 0.59 -0.33
19.70 1.06 -1.53
15.18 2.58 -0.99
18.35 2.99 -0.83
18.43 -0.09 -0.55
19.51 2.14 -0.61
17.30 3.97 -0.70
17.73 1.06 -0.57
15.52 0.99 -0.81
15.12 1.30 -1.00
14.63 -1.95 -0.48
14.18 -2.14 0.06
17.71 -4.67 -0.31
14.67 -6.21 -0.41
18.26 -2.94 2.73
13.73 -2.94 -2.38
13.92 -2.60 -1.35
18.60 0.09 -0.76
18.25 1.04 -2.10
16.01 -0.01 -0.40
17.36 -0.80 -0.05
15.98 -1.76 0.32
14.54 -1.94 0.52
13.96 -0.15 1.37
17.98 1.00 0.75
17.38 2.98 -0.18
16.17 -0.59 -2.30
14.39 4.51 -1.04
13.46 1.15 -1.70
17.00 -2.23 -1.46
15.68 -1.33 -1.42
16.01 0.37 -0.39
10.29 1.07 1.72
13.11 2.30 1.79
16.70 2.29 -0.41
15.32 1.66 -1.87
17.74 2.33 -2.27
13.88 9.73 -1.09
18.82 6.24 -0.58
11.44 -4.83 -0.57
11.81 -1.33 0.33
15.38 1.16 0.54
11.34 4.84 -0.33
11.01 -0.77 -3.02
11.96 1.19 -0.77
12.78 -0.75 -0.57
13.62 2.50 0.21
17.84 1.97 0.38
17.32 0.30 -1.08
17.82 0.87 -1.16
15.36 0.57 -0.28
18.19 -1.05 -0.33
16.56 -1.20 -1.26
17.97 -0.08 -1.01
21.62 0.31 -1.97
19.56 0.50 -1.12
20.32 -1.42 0.55
21.27 3.07 -0.25
14.86 -0.17 -0.55
16.06 2.12 0.19
17.98 -1.03 0.80
11.27 1.95 1.63
15.55 1.37 1.75
13.22 -2.70 0.79
11.65 -3.95 1.54
13.61 -4.14 1.29
16.42 -2.33 -1.99
11.88 -0.16 -0.61
6.89 -0.40 0.28
13.64 -1.60 1.41
13.93 0.79 0.44
13.07 0.39 0.39
13.62 -0.08 0.33
14.39 -2.47 -0.20
12.92 -1.07 -1.30
10.54 -1.73 -0.74
13.56 1.14 0.45
16.09 -2.46 -0.68
12.05 1.10 -0.35
17.59 -0.42 1.07
20.81 2.93 -1.27
20.29 -0.32 -1.68
18.90 1.22 -0.60
17.22 -1.08 -0.41
17.32 1.99 -0.94
20.05 -2.28 -2.10
20.45 -1.81 -2.76
21.56 -4.47 -0.76
21.73 -0.20 -2.10
12.92 6.63 1.52
17.28 -3.48 0.22
20.84 -0.76 0.45
17.76 -0.63 -0.94
18.53 1.47 1.23
20.36 -7.03 0.34
10.26 -12.93 1.19
16.49 -1.78 1.15
18.01 -0.36 0.31
18.09 0.81 -1.17
12.99 0.17 0.15
21.69 1.85 -1.80
19.01 1.90 -0.27
21.62 -1.74 -0.59
15.12 0.56 -0.81
21.34 2.02 0.34
18.53 -0.77 0.10
18.64 -0.86 0.68
21.92 -1.51 1.44
22.05 -2.65 -0.03
21.39 1.10 0.62
23.59 0.14 -0.49
22.42 0.84 -1.72
20.06 1.45 -1.44
20.31 2.33 -1.69
16.78 2.63 -1.08
19.78 1.83 -0.06
18.58 -0.06 -0.92
15.47 2.24 -0.41
18.82 0.80 -0.33
20.27 1.85 1.03
19.99 0.76 0.75
19.56 0.29 -0.05
15.90 -1.02 0.52
19.04 2.44 0.29
20.16 1.51 -0.23
20.10 1.09 -0.26
18.27 0.77 0.60
17.83 -0.97 0.70
19.00 -0.10 0.26
18.16 -1.69 0.03
17.12 -0.93 -0.45
14.94 -3.93 -0.68
11.91 -3.44 0.08
15.74 1.32 0.89
17.30 0.96 0.55
15.66 2.12 -0.25
15.07 -2.71 0.01
15.80 -1.76 -0.16
20.50 -3.13 -1.15
17.74 -0.64 -1.29
17.00 -2.36 -0.37
17.78 -3.68 -1.10
3.60 -4.18 -0.36
19.09 -2.64 1.77
16.46 -1.34 0.33
14.30 1.07 -0.16
15.06 1.57 -0.17
14.23 0.15 -0.32
11.04 1.90 -0.13
13.85 1.83 -0.45
13.29 3.42 -0.44
15.87 0.51 -0.99
15.05 0.46 -0.61
12.23 3.46 1.12
14.80 -0.03 1.06
12.60 1.22 1.22
12.43 -1.26 1.21
12.78 4.34 0.29
10.95 1.26 -0.27
14.48 0.74 -0.11
12.86 -1.91 -0.10
12.64 -0.25 -0.04
10.80 2.40 0.88
12.20 7.82 0.93
16.18 2.09 2.03
16.17 3.15 1.70
12.50 -3.64 0.29
13.68 -0.58 1.42
16.84 -0.38 0.56
19.26 -0.29 -1.08
12.85 1.36 -1.81
16.57 1.15 -1.67
13.01 -0.97 -1.03
13.22 0.50 -1.96
14.45 -3.08 -2.33
15.39 -6.45 -2.25
15.86 -5.00 -1.63
-1.27 52.31 -2.13
14.41 -2.12 -0.71
13.30 3.27 -1.14
13.54 0.24 -0.46
13.29 -1.58 -0.18
13.11 3.63 -0.55
12.89 5.69 -0.59
19.25 1.74 -0.66
18.18 2.80 -0.84
19.11 4.23 -0.22
22.11 1.86 0.11
24.13 1.68 -3.51
18.83 2.07 1.67
22.01 1.77 0.09
21.95 0.80 -0.79
21.88 3.76 -1.25
19.75 1.43 0.22
20.00 0.37 -0.77
19.30 0.15 -1.34
18.78 2.85 -0.37
16.31 2.31 1.05
20.10 1.58 -0.06
19.70 2.20 0.61
20.73 1.05 0.21
19.43 0.68 -0.07
20.80 -0.75 0.30
21.07 3.20 0.08
16.09 4.69 -0.56
16.67 1.60 0.47
20.02 -2.07 1.27
22.42 0.16 0.69
20.48 2.46 -1.12
20.34 1.86 0.38
22.92 5.82 -0.85
23.72 1.97 -1.60
20.96 6.12 -0.02
22.68 4.25 -0.91
22.52 0.74 -1.69
22.37 -0.25 -2.59
15.61 -3.07 -1.75
18.21 -1.34 -0.42
21.74 0.62 0.25
20.25 1.03 -0.03
20.14 1.46 -0.24
20.97 -0.24 -0.64
20.83 -1.22 -1.53
13.01 -1.14 -1.13
20.34 1.05 0.41
20.06 1.58 -0.08
17.90 0.51 -0.14
22.01 1.21 -0.96
21.83 4.03 -1.44
21.34 3.70 -0.87
24.58 1.88 0.07
23.23 1.85 -0.63
21.34 -0.24 -0.81
21.73 0.47 -0.52
21.50 2.04 -1.81
20.52 -3.11 -2.35
20.62 0.65 -2.45
16.46 0.32 -0.58
17.53 -0.27 -1.11
17.41 -0.86 -0.72
20.35 1.40 -1.81
16.24 1.46 -1.98
16.23 -1.24 -1.23
18.00 -1.73 -0.12
15.66 1.90 -0.07
17.14 1.50 -0.42
18.76 0.83 -0.21
19.59 1.46 -1.70
16.70 -1.84 -1.58
16.00 -1.37 -0.80
14.90 -0.87 -0.62
14.47 0.54 0.10
20.52 3.65 0.34
17.53 0.97 1.31
19.71 0.31 0.33
16.89 -2.69 0.48
17.94 -3.07 1.00
17.20 -1.91 -0.58
19.13 -1.19 -1.37
20.02 -3.01 -1.17
19.14 -1.43 -0.88
18.95 -1.08 -1.54
14.88 -2.35 -0.39
19.18 -1.80 0.22
14.79 -2.44 0.55
12.84 0.48 1.55
14.51 -2.25 1.65
20.64 -2.63 -0.47
22.37 -1.91 -2.27
18.40 -0.14 -1.69
18.63 -2.56 -1.62
14.78 -3.62 2.30
17.17 -4.09 0.17
18.36 -1.50 -0.70
17.36 -0.30 -0.92
19.64 -0.74 -1.58
17.94 -4.50 -1.39
17.31 -2.24 -0.51
20.08 -1.43 -0.13
18.38 -1.86 -0.22
22.18 -2.25 0.27
19.76 -0.65 -0.39
21.05 -0.33 -1.21
17.34 2.57 -3.28
15.38 2.37 -1.61
17.76 -0.20 0.45
16.04 -1.14 -0.17
17.68 1.15 0.29
17.75 1.67 -0.17
18.39 1.32 -1.17
20.25 0.56 -1.38
16.88 1.79 -1.43
16.86 -1.42 -0.80
13.44 -2.03 -0.36
16.69 1.18 -1.01
14.47 -0.33 -0.71
16.34 -0.67 0.14
15.24 -0.77 1.07
17.35 0.18 0.68
17.01 -1.44 0.00
17.09 -1.43 0.32
15.73 2.45 -0.09
11.66 0.11 1.03
14.93 2.37 2.49
16.19 1.65 1.34
16.77 3.13 1.08
18.83 2.87 -0.69
19.26 2.09 -2.77
17.10 1.67 -3.96
20.29 0.20 -1.67
20.71 -0.73 -1.35
21.58 0.20 -0.93
22.43 0.48 -1.26
19.31 2.69 -0.95
17.93 3.57 -2.19
20.23 0.81 -2.67
18.27 2.03 -2.26
21.56 0.34 -1.73
19.69 0.26 -2.06
19.15 1.02 -1.76
13.77 -0.49 -0.26
14.80 4.40 2.14
18.31 4.26 -0.67
17.08 1.17 0.10
22.41 3.10 0.11
20.76 1.08 -2.15
19.09 -0.17 -1.57
20.46 -1.24 -1.97
14.79 -3.45 -1.02
19.57 -0.77 -0.56
19.38 0.34 -1.79
20.02 1.86 -1.30
18.99 3.39 -1.58
20.32 -1.33 -2.09
19.43 -2.31 -2.49
18.87 -0.77 -1.27
14.74 -1.42 0.29
17.67 -0.93 1.92
15.32 -1.57 -0.43
14.31 -1.79 -0.92
14.04 -1.83 0.55
12.95 -2.52 0.63
17.78 2.50 0.45
19.76 -2.17 -0.03
17.19 -1.22 -0.06
20.48 3.27 -0.73
20.79 3.20 -1.31
19.85 5.76 -2.29
13.45 3.10 0.58
14.67 -0.46 0.94
19.75 3.80 -0.15
23.16 1.27 -1.21
19.61 1.42 -1.90
18.66 0.89 -0.80
18.05 -3.03 0.22
21.30 1.56 -0.62
21.15 0.54 -1.03
20.54 -0.10 -2.56
19.99 -2.46 -1.42
10.08 -0.16 0.55
14.85 0.36 1.49
21.31 2.44 -0.21
21.87 5.58 -0.28
25.12 2.77 -1.05
25.11 2.46 -2.56
23.08 5.77 -2.46
18.41 -0.83 -2.47
20.85 0.16 -1.60
19.07 0.49 -1.82
18.95 -1.24 -1.70
22.01 -0.61 -2.15
19.03 -0.79 -1.44
17.46 0.21 -1.65
15.80 -2.02 -1.67
14.16 -3.57 -2.15
15.85 -5.42 0.26
14.69 -0.20 0.81
16.30 -1.28 0.72
17.70 -0.52 0.18
16.07 1.41 -0.61
18.16 1.55 0.09
17.85 1.97 -0.28
17.95 1.18 -1.03
18.35 2.46 0.01
20.98 1.43 -0.39
23.04 0.56 -1.38
21.77 -0.59 -2.16
22.67 2.13 -1.73
21.39 1.49 -1.64
17.43 5.66 -0.99
21.46 2.87 -1.49
18.86 1.53 -1.67
19.98 -0.90 -1.92
19.21 0.56 0.61
20.23 1.90 -0.11
16.38 1.77 0.26
18.48 3.63 0.83
20.81 2.08 -0.32
20.82 -1.88 -2.33
19.18 -1.44 -2.32
13.30 -2.89 -2.18
18.18 2.80 -1.26
18.41 -0.19 -1.16
19.17 -0.07 -0.39
18.47 2.36 -0.61
19.07 2.38 -0.77
16.95 2.83 -0.67
18.78 1.28 0.07
22.77 0.63 -0.58
17.32 -0.76 -0.68
19.66 0.69 -0.59
13.94 0.66 0.15
17.12 -1.84 1.06
18.97 -1.90 0.00
17.74 0.39 -1.36
16.62 0.28 -1.18
20.61 -0.65 -0.79
21.40 -1.41 -0.98
20.36 1.25 -1.02
22.91 -0.61 -1.07
22.93 0.19 -1.13
21.48 -2.42 -1.31
22.66 0.65 -2.24
19.41 3.95 -1.30
20.96 0.59 -0.48
23.53 0.65 -0.60
22.58 0.13 -2.13
20.35 0.94 -2.77
15.17 1.00 -0.31
21.62 2.90 0.57
15.57 0.94 1.79
19.05 2.18 0.64
18.35 0.12 0.03
20.01 1.38 -0.58
20.30 3.37 -0.98
21.39 1.08 0.62
19.32 -0.92 1.06
19.09 -0.82 1.02
17.63 -0.73 -0.34
16.12 -1.23 -1.21
15.69 2.48 0.42
22.40 -0.05 -0.36
19.76 0.33 -2.53
21.26 -1.08 0.51
25.71 -3.25 -0.29
23.95 -1.30 -1.35
21.77 1.12 0.88
22.88 -0.68 0.63
22.32 1.20 -0.48
21.25 2.30 -1.14
24.79 1.38 -1.54
22.96 2.48 -0.98
23.12 4.64 -1.00
25.43 2.76 -1.96
22.89 1.99 -2.29
19.29 4.31 -0.82
19.39 2.33 -0.05
18.78 0.40 0.99
18.77 2.11 0.30
17.78 0.58 0.22
18.61 0.09 0.03
18.48 -0.24 -0.27
20.18 -0.06 -0.23
19.08 3.68 -0.14
18.46 2.41 -1.21
19.38 3.55 -1.66
17.08 5.88 -1.16
17.99 2.58 1.62
21.99 2.57 -0.86
18.40 2.30 0.68
16.75 0.40 1.51
20.10 2.83 0.97
22.17 1.73 -0.39
21.99 1.45 -1.03
21.74 -1.05 -1.12
21.75 2.93 -0.70
19.80 1.19 -0.37
23.29 1.20 -1.86
24.82 -0.84 -2.30
20.54 0.65 -2.20
20.08 -3.03 -2.31
18.22 -5.77 -2.34
13.40 1.92 -1.03
17.39 -0.80 -0.54
19.13 0.06 -1.66
15.64 2.32 -1.67
10.77 -1.22 -0.90
11.89 -1.09 1.45
17.17 2.90 1.46
18.32 0.64 1.23
15.91 0.59 0.98
15.12 0.20 0.71
15.26 -0.60 0.19
17.59 0.40 -0.34
15.46 3.71 -0.62
22.09 0.80 -0.33
21.10 -0.41 -1.36
17.79 -3.63 0.78
14.89 1.70 1.15
16.88 1.28 1.39
17.80 1.70 1.45
17.79 -1.37 1.30
13.99 -1.47 1.51
18.99 -0.15 -0.07
10.49 3.82 0.33
15.40 -0.57 0.94
14.47 -2.03 0.46
14.49 -2.34 0.33
15.58 -1.49 0.27
17.27 0.39 -0.11
14.43 -0.64 -0.92
11.60 -1.30 -1.07
11.48 -1.13 0.28
16.28 1.27 0.78
23.62 -0.64 -1.43
17.24 -1.67 -0.55
18.63 -3.21 -0.03
21.06 4.00 -0.51
18.97 3.02 -0.13
21.13 2.09 -0.90
21.21 5.05 -2.60
18.89 6.57 -1.09
18.75 0.27 -0.45
18.65 -5.61 -0.55
19.73 -0.97 -0.06
20.28 2.36 -0.71
17.36 1.67 0.24
22.84 2.79 -1.46
20.42 -0.32 -1.48
18.36 3.45 -0.24
21.08 1.30 -2.08
17.13 -1.87 -0.77
20.02 1.69 0.22
16.91 -0.44 -0.46
22.71 -2.14 -0.76
20.44 -1.13 -0.52
19.28 1.96 -1.28
18.78 0.72 -0.38
20.43 -2.86 -1.56
17.61 0.64 -1.35
18.19 -0.10 -0.45
19.36 0.74 -0.35
18.81 -1.36 0.42
20.77 1.70 -0.24
17.87 1.02 -0.68
17.15 1.37 -0.82
19.08 2.75 -1.00
22.81 4.12 -2.08
16.81 4.22 -1.28
23.08 4.07 1.05
16.22 1.86 -0.75
19.85 0.30 0.20
15.97 -2.06 0.97
21.25 -1.37 1.00
17.31 0.82 1.02
25.61 1.64 -1.43
23.02 1.62 -2.34
19.73 2.36 1.46
22.75 2.36 -0.98
21.37 2.11 -1.77
22.02 -3.34 1.02
17.03 -2.72 1.75
22.10 1.48 0.50
19.68 -0.17 -1.76
20.09 2.41 -0.98
22.89 -0.80 -3.97
16.64 -1.83 -1.26
11.96 0.34 1.68
14.86 2.41 3.20
20.44 1.58 1.49
17.42 -4.01 0.97
20.22 1.85 -0.32
19.95 0.52 -1.27
19.72 2.45 -1.84
23.01 0.98 -1.60
17.04 1.77 -1.89
14.63 -2.28 -0.46
19.45 3.51 -0.42
21.75 4.02 -0.69
21.25 3.56 -1.40
20.35 2.40 -1.92
20.21 2.79 -0.17
19.97 -0.83 -1.58
17.66 -2.47 -0.90
20.69 1.18 -1.02
21.68 0.59 -0.96
22.55 0.64 -1.25
21.99 -0.78 -0.87
18.86 -1.27 -0.53
19.67 -0.46 0.30
21.34 0.81 -1.30
20.31 0.96 -2.63
19.24 -1.48 -1.22
22.55 1.82 -2.37
21.13 1.58 -0.58
23.60 3.85 -0.39
22.55 2.18 -1.00
23.12 -0.38 0.39
20.62 3.68 0.08
23.31 3.95 -0.71
19.82 4.18 -0.57
20.07 1.52 -0.69
22.54 1.34 -0.33
22.91 0.96 -1.16
22.23 0.72 -1.97
22.33 0.98 -0.85
24.00 2.95 -0.85
18.00 2.25 -1.60
25.22 -1.41 -0.55
23.60 1.14 -1.14
23.69 0.52 -0.94
25.48 0.21 -1.75
22.41 4.90 -0.08
20.11 -1.76 -2.25
21.96 -0.71 -1.69
18.79 0.30 -1.06
23.36 -2.32 -0.70
23.06 -1.98 -1.16
21.23 -1.62 -1.38
18.25 -4.17 -0.38
22.49 -3.88 0.60
19.09 -4.44 -0.54
16.52 2.55 0.49
24.76 -2.80 0.85
24.82 -1.97 1.77
22.61 -1.80 -1.17
22.31 -1.29 -1.96
18.80 1.00 -0.43
20.16 -0.82 -0.48
16.20 -0.81 0.79
22.26 -0.42 0.94
22.78 0.08 0.12
8.61 -4.85 0.23
18.39 -1.60 1.22
19.10 0.07 0.41
17.98 -1.10 -0.46
17.97 -0.10 -1.18
16.16 -2.56 -1.32
16.80 -1.54 -0.66
13.51 -4.11 0.10
18.42 -1.53 0.21
18.52 -4.55 -0.30
17.50 -1.70 1.06
16.92 -1.29 -0.25
17.06 1.02 -0.34
16.14 -0.83 -0.10
15.77 -0.33 0.71
16.24 -0.90 -0.69
17.34 -0.70 -0.82
13.44 -1.40 -1.10
11.69 3.04 -0.84
15.12 2.56 0.33
17.09 0.90 -0.84
13.35 2.17 -1.88
18.55 0.50 -1.01
18.00 -1.41 -1.91
15.38 1.39 -0.31
16.87 3.56 0.60
15.57 0.57 -0.57
13.31 4.54 0.78
17.87 0.59 -0.77
16.81 -0.97 -1.43
17.14 -0.92 -1.83
17.87 2.02 -0.76
22.25 0.88 -0.85
22.19 0.57 -1.82
16.52 -2.98 0.11
18.88 -2.74 -0.32
17.66 -2.38 0.51
18.62 -3.01 0.62
18.94 0.71 0.49
17.20 -3.08 0.93
16.70 -0.12 0.85
18.74 -0.26 -0.07
19.63 -3.62 -2.27
18.59 2.79 -2.67
20.39 1.52 -0.66
20.49 2.31 -1.83
20.05 0.86 -2.01
21.75 -0.48 -2.06
15.88 -0.89 -0.47
16.90 1.32 -0.96
14.66 3.93 -0.93
19.31 -0.11 -2.27
17.39 -0.85 -2.02
15.04 3.31 0.05
17.94 0.89 0.15
22.22 -1.59 -1.25
22.55 -0.62 -2.47
15.87 -3.63 -1.34
15.53 -2.82 -0.24
18.33 -4.34 0.30
16.57 -3.09 0.94
16.92 -6.27 1.38
17.67 -1.73 0.90
18.92 2.20 -0.47
16.91 1.75 -1.84
13.34 0.47 -0.79
14.63 0.65 0.02
17.61 0.23 -0.36
22.05 0.04 -1.14
17.99 -2.21 -0.85
16.98 -0.22 -0.41
16.20 1.52 0.89
17.71 1.67 0.82
16.70 2.10 0.95
16.26 1.26 1.77
18.15 -1.31 1.12
18.23 -1.99 -0.55
17.12 -1.21 -1.39
20.02 -2.58 -1.20
13.08 -4.78 -0.33
19.40 -0.27 0.49
19.87 -2.58 0.19
15.05 -4.64 1.01
21.73 -0.89 -0.88
21.88 0.83 -1.21
6.42 -3.23 -1.54
11.78 0.89 1.08
13.81 1.27 1.29
13.80 0.91 0.33
14.08 0.13 0.59
18.53 1.45 0.25
15.81 1.95 -0.92
19.85 5.46 -1.15
16.91 6.87 -1.98
16.08 1.98 -1.53
13.85 0.53 -0.39
15.88 -1.28 1.01
17.95 0.48 0.74
18.13 4.62 1.25
18.77 4.49 0.40
19.86 3.19 -0.60
19.24 -0.81 0.16
20.41 -1.44 -0.34
18.64 -0.41 0.39
19.03 2.24 0.60
21.39 3.18 -1.99
18.80 -0.92 -0.20
22.07 -1.53 0.14
22.56 0.97 -1.68
22.50 -0.02 -1.52
16.99 0.88 -0.99
20.91 0.16 -0.50
20.24 0.25 -1.76
16.54 -0.49 0.41
17.80 0.58 0.61
19.69 0.66 0.08
15.88 -0.82 0.74
17.76 0.33 0.42
18.90 -2.47 -0.68
15.69 -1.90 -1.32
17.76 -1.17 -0.61
16.13 -3.18 -0.92
16.68 0.45 -0.24
16.48 -0.04 0.42
18.38 -0.24 -0.29
14.02 0.49 -0.20
15.19 -0.79 -0.41
15.67 2.88 0.24
17.84 1.50 0.07
12.81 -0.35 -1.29
17.83 -0.63 -0.64
19.52 -3.08 -1.31
17.73 0.51 0.49
19.58 -1.22 -0.10
18.96 -0.33 -0.95
17.72 0.27 -0.95
15.74 -0.45 -2.49
15.32 3.51 -0.26
17.98 2.74 -1.67
13.65 1.79 -0.11
16.68 3.07 -0.40
12.79 -0.06 0.82
17.05 2.60 0.25
17.66 3.31 -0.68
12.32 5.27 -0.74
13.50 2.09 -0.17
13.67 3.26 -0.35
13.60 0.98 1.97
14.67 0.22 1.08
18.61 3.50 -1.12
14.87 3.35 -0.89
12.34 1.93 0.38
14.25 0.43 0.44
13.86 0.62 0.26
16.98 -3.04 0.74
15.62 0.39 -2.46
17.39 -3.37 -1.95
13.43 1.51 0.50
18.73 -0.26 -0.67
19.83 -1.57 0.48
19.66 -1.70 -0.39
20.00 -0.91 -1.16
20.53 -0.17 -1.66
14.95 8.54 -1.24
19.97 0.49 -0.33
16.99 -1.89 -0.64
19.49 0.68 -1.89
12.84 -5.82 1.37
16.72 -4.32 -0.29
14.94 1.84 -0.88
15.79 -1.15 -0.91
11.98 -1.23 -0.80
15.95 -0.91 -1.40
17.11 -4.13 -0.96
15.25 -1.26 -0.59
17.43 -2.55 -0.81
10.52 -3.85 0.81
12.35 -1.13 0.97
15.72 0.79 0.70
14.56 0.34 -0.46
17.92 2.62 -1.63
19.45 3.07 -1.67
18.64 2.47 -1.91
20.77 1.81 -0.16
19.42 0.86 -0.69
19.73 -0.47 -1.27
18.36 -2.16 -1.70
19.16 -1.28 0.28
18.46 0.23 -1.66
19.44 -2.01 -0.56
22.31 -4.13 -0.96
18.84 -2.17 2.21
25.04 -0.77 -0.62
22.39 -3.28 -1.09
20.77 -2.88 -1.12
17.81 -0.12 0.02
20.59 -2.45 0.46
23.11 -2.72 -0.72
16.48 0.84 -0.64
22.22 -3.93 -0.12
21.88 -2.43 -0.17
17.31 1.00 -0.03
20.24 -1.41 -0.64
11.18 -2.32 -1.06
12.83 0.83 0.83
16.06 1.90 0.15
12.29 -0.01 0.95
15.67 0.81 1.47
12.39 0.55 0.87
15.50 -2.04 0.09
17.20 -1.83 -1.48
16.19 -0.47 -2.30
19.10 -0.01 -2.00
15.44 -0.12 -1.95
14.10 3.48 -1.73
14.53 2.52 -1.40
9.71 4.62 -0.27
14.15 1.09 0.74
15.29 0.14 0.47
12.81 1.44 -0.05
14.20 3.04 0.21
14.68 3.53 0.26
12.96 2.74 -0.40
10.99 1.52 -0.45
16.42 1.12 -1.91
14.18 4.79 1.41
21.04 1.68 -1.95
19.77 1.54 -2.11
18.42 0.26 -0.82
10.84 3.74 -0.36
17.20 -1.38 -1.68
13.29 -1.27 -1.53
10.79 -1.26 0.43
16.23 -1.92 1.46
16.09 4.49 1.67
20.14 4.89 0.82
17.72 1.32 -0.10
20.54 0.02 0.00
15.60 1.62 -0.22
12.70 3.77 0.55
18.98 0.38 -0.71
20.06 -0.40 -1.17
21.83 1.63 -0.54
21.75 -1.56 -0.52
16.31 4.49 -1.35
19.74 4.74 -0.79
22.65 1.75 -2.83
18.49 -0.54 -1.25
19.71 -3.15 -2.26
18.73 -2.70 -3.18
16.31 -1.65 -3.98
15.06 -3.72 -1.45
15.93 0.51 -1.67
15.16 -0.96 -2.29
18.83 -0.08 -1.25
17.15 1.46 -1.17
19.12 0.56 -0.64
10.21 1.84 0.71
15.99 1.10 1.94
19.75 -0.76 0.00
15.13 0.38 -0.02
17.79 -0.80 0.95
15.92 0.62 0.29
16.90 1.08 0.24
19.54 1.51 0.18
20.72 1.86 -0.42
16.32 2.95 0.06
20.62 0.04 -0.33
20.55 0.44 -0.55
19.89 0.85 -0.12
18.04 1.00 -0.25
16.17 -0.72 -0.94
16.63 4.23 -0.75
18.68 1.67 -0.77
17.84 3.33 -0.86
20.77 1.77 -1.14
17.62 -2.33 -2.28
15.83 -0.33 -0.81
16.12 3.35 -0.07
17.99 1.61 -0.68
16.88 -0.82 -1.16
16.00 -2.43 -1.04
10.29 2.30 0.31
15.91 -1.82 1.00
19.80 0.21 -0.54
19.86 1.44 -1.95
17.70 1.12 -0.93
20.21 1.19 -0.97
22.13 2.89 -1.56
21.97 1.44 -2.24
15.14 2.30 -2.15
18.72 -1.77 -1.03
15.19 -4.33 -0.62
14.31 -2.92 0.66
18.70 0.71 0.08
16.03 1.08 -0.43
15.21 2.76 0.51
14.36 0.97 1.11
19.28 1.34 -0.09
18.35 1.64 -1.17
18.40 0.20 -1.82
17.24 0.61 -1.90
18.81 0.71 -0.70
18.31 -0.02 -0.82
20.13 -0.20 -1.83
18.74 2.02 -2.63
18.90 1.36 -2.97
18.81 1.42 -2.06
19.71 0.40 -2.17
11.28 0.62 0.03
16.32 0.66 1.52
16.16 -0.09 0.92
18.92 -0.05 -0.50
15.68 1.63 -1.72
18.95 -0.98 1.21
22.82 -1.48 -0.01
18.20 -4.94 0.26
19.28 -3.81 -0.19
16.68 -4.34 -1.59
13.51 -1.48 -0.85
14.91 -0.45 0.23
16.84 -1.49 0.35
16.91 0.90 -0.84
15.90 1.26 -0.61
11.49 -3.37 0.95
7.10 -3.37 0.56
14.95 -0.68 -0.28
14.64 1.56 -0.97
9.71 -0.15 -0.35
17.15 0.07 0.20
15.54 -3.68 0.31
18.54 -5.46 0.66
18.57 -4.79 0.08
19.02 -2.60 -1.26
18.93 -1.92 -1.40
14.57 -1.77 -1.00
15.77 -1.26 0.42
16.63 -0.86 -0.57
15.51 0.26 -0.56
15.95 0.88 -0.16
16.31 -1.25 0.95
15.43 0.59 0.02
14.50 0.97 -0.23
14.99 1.67 -0.11
18.17 1.72 -1.45
17.88 1.61 -1.04
17.58 1.02 -0.41
15.22 4.44 0.24
17.83 5.40 -0.55
21.44 2.80 -0.06
17.60 2.89 -0.73
19.27 0.32 -0.78
16.67 0.20 -0.78
18.45 1.35 -0.91
19.01 0.78 -0.48
19.48 2.27 -0.77
19.77 2.54 -0.95
22.88 2.45 -1.84
21.14 2.52 -1.33
17.04 3.46 0.93
18.36 2.15 2.11
21.64 -1.20 0.61
24.64 0.99 -0.29
21.75 0.03 -2.10
23.16 0.88 -1.98
22.39 1.30 -1.07
25.24 1.79 -2.00
21.46 1.34 -0.25
24.03 0.36 -1.95
21.98 -1.95 -1.60
28.11 -0.48 -0.59
25.31 -2.48 -1.39
23.90 -1.43 -1.80
22.73 3.25 -0.68
23.29 3.51 -1.89
19.35 4.38 -1.17
20.45 -0.26 -0.40
20.54 0.73 -1.08
24.33 -0.52 -0.47
25.19 -1.04 -0.93
23.20 -1.63 -0.93
22.94 0.11 -0.78
26.36 -5.48 -0.72
20.81 0.09 -2.68
23.31 -1.89 -0.91
18.95 2.20 -1.39
21.40 -0.35 -1.25
19.33 -3.11 -1.06
22.13 -0.06 -1.51
16.30 -0.39 -0.79
17.33 -2.43 0.74
23.16 -3.23 0.54
19.33 -3.44 -0.97
16.70 -3.65 -1.83
14.62 1.58 -0.65
16.46 2.46 -0.74
16.43 3.57 -0.25
13.42 -3.84 1.02
15.89 -2.67 1.36
18.17 0.38 -0.28
16.54 3.78 0.05
20.51 -0.74 0.58
20.46 -1.63 -0.64
18.56 3.39 1.91
22.11 3.71 -0.33
20.31 3.68 -1.36
12.34 6.29 0.50
16.90 1.13 1.58
17.21 2.36 2.44
20.28 1.70 0.75
20.24 3.52 0.35
19.24 4.13 -0.13
20.03 3.17 0.81
22.57 0.39 -1.28
18.84 1.13 -1.61
21.10 1.63 -0.79
19.42 2.98 -0.74
21.79 2.24 1.34
21.09 2.02 1.44
22.56 0.80 -0.68
23.07 1.72 -0.66
19.91 -0.54 -0.27
19.78 0.24 -0.09
16.86 0.82 2.60
19.87 1.34 1.17
17.58 1.73 0.53
21.02 1.06 -0.47
18.87 3.10 0.06
20.84 0.85 0.05
22.55 2.25 -0.23
22.45 3.11 -0.53
19.50 1.66 -0.89
20.33 2.58 -0.34
21.65 0.91 -0.01
20.52 0.09 -1.24
16.63 -1.77 -0.90
18.13 1.17 0.03
17.21 0.86 -0.06
18.91 -0.70 -0.21
18.05 3.55 -0.17
16.39 0.56 0.51
17.30 1.30 0.39
18.36 8.62 0.68
9.33 -2.85 -1.62
19.44 0.62 0.22
21.01 0.39 -1.32
20.88 0.22 -2.32
17.96 -1.49 -1.52
17.88 0.68 0.08
19.92 2.01 0.37
19.66 0.40 -0.59
18.18 -0.23 -0.96
18.16 1.34 0.09
18.40 1.82 0.69
17.95 -0.31 0.36
21.20 0.89 -0.44
19.71 -0.93 -1.29
19.22 -1.12 -1.50
18.85 -1.80 -2.18
17.22 0.45 -1.65
20.49 -0.27 -1.59
19.12 -1.32 -2.07
18.29 -3.28 -0.78
15.82 -1.60 -0.12
16.04 1.48 0.14
16.73 -1.08 -0.22
15.88 -2.34 -1.82
16.46 -2.84 -1.84
15.59 -3.98 -0.72
7.95 -5.34 1.26
17.74 -4.12 2.64
16.00 1.54 2.83
20.99 0.73 0.59
18.83 0.03 -2.23
19.74 1.10 -2.10
18.23 0.40 -1.75
13.57 1.91 -0.02
15.28 2.14 2.68
22.96 -1.02 -0.98
22.14 0.29 -1.12
22.34 -0.33 -1.70
22.93 0.37 -1.32
20.36 0.90 -2.34
19.54 2.03 -2.15
20.61 -0.83 -0.90
21.62 0.85 -0.95
16.63 -2.12 -1.12
16.57 0.17 0.74
17.51 -3.68 -0.84
17.86 -1.11 -0.88
21.36 -0.91 -1.25
20.68 0.02 -1.79
20.10 -0.03 -1.46
21.08 -1.10 -1.98
20.33 -2.37 -0.28
21.84 -1.07 -0.88
19.08 1.10 -1.57
22.58 0.71 -0.69
20.56 -0.91 -0.97
14.61 -1.22 -0.21
20.30 -0.58 0.19
19.78 1.59 -0.23
17.26 1.28 -0.98
18.05 1.27 -0.99
17.14 1.26 -1.52
16.61 -4.23 0.37
17.68 -1.96 0.45
20.11 0.44 -1.01
18.73 -0.15 -1.63
16.44 -0.82 0.72
18.64 -0.27 0.21
16.08 -0.38 -0.03
16.24 -0.99 0.70
19.82 0.73 -1.34
17.09 0.25 -1.92
17.90 2.02 -1.47
13.93 -1.37 0.32
16.08 -0.66 1.53
16.67 -0.67 0.51
17.76 -1.47 0.58
16.70 -1.18 -0.24
18.76 -1.97 0.18
17.24 0.35 -0.76
12.56 2.98 0.22
15.63 1.21 -0.71
13.98 1.89 -0.15
17.07 1.16 0.16
18.81 -0.78 -2.15
14.46 -2.06 -0.34
18.77 -1.82 0.34
20.46 -0.92 -0.67
17.18 -0.83 -0.62
18.46 -1.27 -0.36
16.07 1.39 -0.56
13.13 1.52 -0.83
10.55 -2.80 -0.13
12.43 3.43 0.00
14.72 0.41 -0.18
16.49 0.47 -0.34
17.32 2.01 -0.99
16.77 3.02 -0.15
17.11 3.21 -0.55
16.17 1.93 -0.74
17.09 1.08 -0.52
14.14 -0.57 1.49
19.35 0.63 0.28
19.98 0.23 0.47
14.91 3.40 1.23
14.52 4.43 1.01
15.74 3.06 0.08
15.18 -0.26 -0.90
17.09 0.26 -0.87
12.15 -3.26 0.18
13.04 -3.14 0.55
15.10 2.78 0.47
14.14 3.06 0.34
13.64 0.45 0.11
9.32 -1.68 -0.74
13.37 0.85 1.01
16.77 0.45 1.25
17.05 -2.50 0.26
14.00 -5.28 -1.67
13.46 -2.02 -0.04
15.97 -1.68 -0.51
11.63 2.63 -0.68
11.89 1.47 -0.24
13.59 0.99 -0.12
11.89 0.71 -1.16
11.16 1.00 -1.17
9.99 -2.57 -0.88
11.49 0.41 0.72
15.82 1.74 0.85
14.54 -0.42 0.83
17.08 -0.04 0.14
15.60 -0.96 -0.17
13.88 -1.82 -0.05
11.97 3.69 -0.17
15.35 0.21 -0.07
16.66 -0.32 -1.54
19.59 -0.98 -3.01
14.93 -3.86 -1.50
17.21 -1.73 -1.18
17.85 -0.86 -0.61
17.51 -0.80 -1.01
14.49 -0.94 0.11
13.50 -2.67 -0.56
8.47 0.94 -0.50
13.68 2.28 0.30
12.78 -1.81 1.69
18.76 -0.17 1.20
17.72 0.33 -0.01
15.45 0.42 1.10
15.62 2.00 0.84
13.88 0.31 2.56
19.44 4.93 0.32
11.22 0.98 0.08
9.65 -0.68 3.29
11.91 -1.66 2.82
11.68 -2.29 1.87
11.42 -8.17 0.34
13.03 -4.28 1.41
13.58 -4.11 1.98
15.60 -5.54 1.37
17.24 -5.01 0.93
16.49 -1.61 0.70
17.05 -0.87 -0.01
14.77 -0.87 0.48
15.57 1.62 0.57
14.40 1.38 0.31
13.43 0.30 0.82
14.74 0.47 0.26
11.06 -0.34 -0.68
12.68 -2.22 -0.42
7.35 -3.82 1.62
10.01 -3.20 1.64
13.71 -2.86 0.98
12.48 -1.93 0.47
16.00 -1.85 -1.00
14.47 -1.92 -1.08
8.50 -1.16 -0.76
13.92 1.86 -1.60
13.73 1.55 -1.79
8.66 -0.31 0.93
14.07 0.14 2.47
14.26 2.68 2.26
16.52 1.33 0.44
16.16 2.72 -0.50
14.32 0.40 1.23
16.14 0.79 1.29
9.18 -0.79 0.58
12.78 2.25 0.29
18.39 1.77 1.37
20.05 1.33 0.68
18.47 1.66 0.25
22.45 7.05 -0.97
21.07 1.53 -2.39
18.33 2.91 2.63
19.68 5.64 -0.40
17.84 4.83 -1.12
16.19 0.89 -2.50
7.16 0.93 -0.91
19.68 -1.37 -1.52
18.60 -2.04 -2.24
18.06 -2.07 -2.93
1.00 -0.07 2.32
16.61 2.67 -0.86
16.78 0.35 0.30
13.66 -1.59 0.38
16.83 0.18 1.01
10.35 2.34 -0.80
14.33 1.25 0.02
17.65 -3.16 -0.55
20.14 -1.53 -1.39
17.89 -3.41 -1.58
14.13 -4.07 0.09
16.74 -1.67 0.40
16.57 -2.54 0.54
21.23 -0.55 -1.43
18.28 1.20 -1.45
19.79 -0.03 -0.69
20.18 0.44 -0.55
21.69 0.15 -0.72
21.68 0.77 -1.27
20.62 -0.32 -1.74
15.14 0.52 0.38
20.19 -1.64 -0.82
20.63 -2.03 -0.58
24.36 -2.24 0.45
24.37 -2.30 -1.85
20.43 0.53 -1.66
23.42 -1.18 -1.84
21.26 -1.66 -1.98
18.18 -0.42 -2.13
18.36 0.72 -1.90
16.75 -0.54 -1.09
15.76 1.08 -0.35
16.47 -0.41 -0.03
15.96 -2.45 0.68
16.50 -3.43 1.49
17.65 -0.48 -0.49
18.14 0.44 -0.85
19.37 0.31 -1.38
17.77 -2.32 1.18
19.48 -1.52 0.51
16.56 -0.39 0.12
16.13 -0.04 0.62
20.57 -1.76 -0.52
20.42 -3.49 -1.10
18.60 -1.16 -0.75
20.74 -4.45 -0.45
19.62 -3.97 -0.13
22.78 -3.63 -0.35
22.21 -0.28 -1.90
19.75 -1.55 -2.39
16.26 0.11 -0.97
16.86 -0.34 0.42
15.76 0.84 1.42
19.37 0.52 0.43
14.69 -0.08 -0.29
17.12 1.58 2.24
21.77 2.42 0.80
13.99 2.60 -0.79
12.89 3.99 -0.68
14.57 5.16 0.01
16.78 4.18 -0.70
19.47 0.96 -1.43
20.01 1.34 -1.73
14.62 -0.62 -0.70
21.99 1.82 0.60
19.95 4.03 -3.02
18.92 0.00 -0.69
18.10 0.21 0.41
19.71 -1.26 1.26
21.10 1.90 0.01
17.15 3.68 -1.98
12.63 2.46 -0.59
19.78 0.68 -0.23
19.79 3.21 -0.95
21.99 0.88 -0.96
20.17 1.90 -0.86
11.10 2.59 -0.53
18.00 2.29 1.03
17.80 1.37 0.64
18.59 1.61 -1.56
18.74 1.01 -1.49
19.76 1.23 -1.75
17.19 2.73 0.08
21.03 -0.81 0.05
21.01 1.29 0.45
21.67 -0.97 -0.50
20.76 0.38 -0.60
20.30 0.14 -0.59
18.04 0.06 -0.31
19.56 -0.23 0.08
21.27 -1.27 -0.28
18.89 0.05 -1.00
17.97 2.18 0.13
17.88 1.98 0.17
22.58 0.33 0.50
20.51 0.17 -0.50
18.73 2.62 -0.86
19.58 1.43 -1.49
19.19 0.06 -1.48
19.39 0.62 -1.21
19.02 1.99 -1.12
17.79 0.87 -1.27
18.53 -3.05 -0.98
17.08 -1.08 -0.39
16.03 -1.05 -0.73
15.54 1.53 0.24
19.44 3.41 -0.51
15.98 -0.16 -0.76
22.16 -0.44 -1.23
22.44 0.07 -1.97
17.02 0.90 -1.88
18.50 -0.27 -1.37
18.75 -1.62 -1.83
19.09 -1.76 -0.49
18.35 -0.64 -1.26
14.84 -0.82 -0.52
19.55 -1.26 0.63
17.33 -0.83 -0.13
14.47 4.60 1.51
19.65 1.15 0.31
19.92 -0.12 -0.93
14.37 0.58 0.30
16.13 0.71 0.33
14.00 1.93 -0.13
18.53 1.22 0.24
16.92 2.13 0.16
15.92 2.81 0.33
14.77 -0.72 0.73
13.49 2.10 0.51
14.34 2.68 -0.47
12.62 1.12 -0.28
15.14 1.95 0.50
15.66 1.79 -0.05
8.59 -0.04 0.30
9.60 0.28 0.51
11.05 0.11 0.95
12.39 -0.87 -0.82
14.78 -0.97 0.00
15.74 -0.28 0.42
10.91 4.13 0.23
5.90 -2.60 -0.22
15.28 -3.14 1.20
17.44 0.76 -0.31
15.58 -0.30 -0.24
17.95 -1.23 0.44
19.26 -0.33 -0.26
15.76 -1.54 -1.55
13.03 0.51 0.31
17.84 -1.21 0.14
18.97 -0.57 -0.49
16.22 -1.16 -1.81
16.49 0.42 -0.44
17.37 1.58 -0.62
16.13 1.34 -0.69
18.17 -0.20 -0.51
13.42 -3.14 0.20
13.48 0.40 -1.26
17.07 2.46 -1.15
14.16 5.99 0.33
17.64 2.10 -0.60
15.76 0.78 -1.58
13.95 0.54 -0.82
12.17 0.06 0.04
12.13 -0.99 0.45
15.23 1.58 0.85
17.25 1.94 -0.33
19.52 1.77 -1.08
13.14 1.66 -0.30
12.29 1.31 0.87
12.18 1.95 0.88
16.33 2.33 0.78
14.69 3.07 -0.50
14.29 -0.34 -0.73
13.84 2.15 0.12
17.30 -1.53 0.14
14.49 -2.55 -1.24
16.66 -1.34 -0.07
15.73 0.99 -0.03
18.00 1.49 -0.22
15.43 -0.90 -0.32
19.92 0.08 -0.46
13.67 1.06 1.18
14.99 0.68 1.02
10.07 -0.07 1.27
14.27 -0.33 1.65
22.26 1.66 0.10
20.78 1.72 -0.64
18.74 -0.33 0.09
22.27 1.61 -0.48
20.35 0.33 -1.77
20.71 0.08 -1.29
18.72 3.40 -1.30
21.13 -0.08 0.33
17.90 2.77 -1.30
17.66 -0.59 -2.31
12.79 0.51 -1.33
14.72 -2.60 1.53
15.35 -1.67 0.29
12.86 4.54 0.08
17.65 -0.21 1.18
20.02 -1.01 0.24
18.47 -0.68 -0.68
22.05 0.82 -0.92
20.12 1.04 -0.46
21.24 0.81 -0.93
20.05 -0.58 -1.81
20.74 0.29 -1.86
19.68 1.20 -1.37
18.78 0.12 -1.33
19.25 -4.71 0.48
16.98 0.78 -0.44
18.53 2.77 -0.11
17.57 -0.61 1.41
15.71 -0.54 1.45
16.34 0.74 1.50
16.70 0.39 0.50
15.85 3.09 0.17
15.62 2.04 0.13
16.55 2.26 0.71
20.36 0.60 -1.11
18.13 1.90 -1.55
19.69 4.57 -0.86
18.28 0.89 -0.27
17.43 0.38 -0.64
18.30 0.24 -0.47
16.02 -0.34 0.13
18.48 0.13 -0.15
19.97 2.21 -0.07
21.56 2.46 -0.63
19.07 3.39 -1.85
20.65 1.31 -0.90
19.51 -3.21 0.94
19.82 -1.19 -0.21
14.62 -3.21 -0.85
17.41 2.45 0.64
20.72 0.38 -0.41
20.77 1.55 -1.60
21.41 0.98 -1.95
13.51 6.19 -1.14
16.28 3.66 -0.64
18.29 1.83 -0.75
17.47 0.09 -0.78
18.86 -0.38 0.56
16.36 1.94 1.28
18.30 1.54 0.85
18.77 3.17 -0.50
14.35 1.96 0.20
17.21 0.86 1.10
19.42 0.88 0.33
17.51 2.87 -0.02
14.77 2.10 1.51
13.29 2.22 2.21
14.09 -0.71 1.39
9.29 1.00 1.23
11.74 -1.39 1.06
12.14 -0.64 0.74
10.37 -0.88 0.33
10.53 0.72 0.44
15.74 -0.38 0.98
18.24 1.35 0.21
16.88 0.40 0.08
12.91 -0.37 0.65
16.55 -0.33 -0.33
17.83 0.01 -0.58
18.46 0.39 -1.26
21.81 1.62 -1.43
22.57 1.82 -2.41
17.61 4.44 -1.52
19.09 0.04 -1.31
16.61 0.10 -0.76
21.21 -1.20 -0.11
22.19 -1.88 -1.99
21.01 -1.43 -2.03
19.50 -1.25 -1.98
20.05 -0.47 -1.69
20.72 0.67 -2.11
20.56 -1.78 -2.27
20.72 -0.28 -1.67
20.62 2.51 -0.43
18.91 2.91 1.16
19.73 -2.11 -0.04
17.29 -3.13 -0.19
15.64 0.54 0.80
20.34 -1.05 0.40
18.80 -1.84 -0.01
18.88 -1.04 -0.33
17.73 -1.78 -0.76
17.76 -2.19 -0.67
17.99 -1.50 -0.70
8.06 -2.84 -0.15
16.77 -0.14 0.94
14.35 1.85 0.31
12.38 3.60 0.34
16.67 1.08 0.27
20.51 -0.55 -1.70
16.80 -0.87 -3.31
17.48 -0.39 -0.38
19.03 -0.59 -0.64
15.28 1.62 0.12
17.59 -1.27 1.09
17.55 -0.65 1.35
17.88 -1.82 1.46
15.74 -0.60 0.52
15.47 0.62 -0.04
16.42 2.81 -0.69
13.59 2.59 1.27
17.45 3.33 1.48
13.60 1.72 1.78
14.64 1.34 1.44
15.01 2.35 1.00
20.08 0.25 -0.08
20.21 0.64 -1.10
18.88 -0.63 -1.76
18.48 2.64 -1.42
14.80 0.52 -0.29
19.59 -0.86 0.37
18.63 -0.26 -1.57
16.38 -1.82 -1.30
20.32 1.04 -0.64
18.95 2.00 -1.68
14.45 1.94 -1.97
17.20 3.04 0.56
18.73 -0.24 -0.58
18.81 -2.34 -0.74
15.32 -0.95 -1.62
19.47 0.12 -0.12
17.72 -2.11 -1.10
16.48 -4.70 -0.78
14.18 -6.13 0.07
2.53 -2.34 0.21
18.50 1.58 0.69
18.42 3.32 -1.73
14.70 3.18 -1.36
18.56 -0.26 -0.66
16.70 0.60 -0.53
16.80 1.32 -0.70
11.50 3.22 -1.00
18.18 0.48 -0.96
16.41 -1.12 -1.46
17.15 5.48 -1.08
21.92 1.52 -2.34
19.82 -0.23 -2.84
19.46 5.17 -0.83
19.00 4.31 -2.28
14.41 0.64 -0.95
18.28 0.89 -1.25
19.73 3.12 -2.34
13.16 3.37 -1.54
14.44 0.14 1.07
14.61 -1.20 1.00
12.64 -3.85 0.94
19.05 -4.89 1.88
14.54 0.30 -0.56
17.47 0.67 -0.65
13.61 3.00 0.03
15.90 2.20 0.90
15.19 1.06 0.80
14.99 2.16 0.68
16.40 2.38 0.33
16.97 2.50 0.48
14.49 5.61 0.38
16.80 -0.84 0.41
15.95 -1.04 -0.29
15.63 2.52 -1.00
15.35 2.96 -0.91
8.87 1.01 -0.42
14.51 2.28 0.51
12.82 3.10 0.37
11.72 2.23 -0.40
9.11 6.35 0.25
14.45 0.37 1.52
13.74 0.08 1.67
12.97 -2.93 1.97
17.48 -0.70 2.10
14.95 2.02 1.30
18.70 1.44 0.43
16.89 2.53 -0.72
13.62 3.48 -0.66
14.84 0.04 0.82
19.23 -1.38 0.40
17.45 1.50 -1.84
17.15 0.79 -1.13
17.82 -0.62 0.17
21.11 1.59 -1.06
16.31 0.22 -1.53
16.60 -2.09 -1.10
15.03 0.07 -1.85
16.58 -1.15 0.14
15.15 -3.38 -0.47
15.59 -2.62 0.51
17.10 -0.81 0.09
16.92 -0.23 -1.21
14.59 -4.07 -0.15
18.12 -0.96 0.68
16.46 1.19 -0.99
19.55 -2.31 -0.65
21.70 -0.34 -1.16
20.02 -0.08 -1.04
22.74 0.04 -1.16
20.66 -0.17 -1.53
19.53 -1.35 -1.67
17.17 1.90 -0.83
19.17 2.66 -1.70
13.19 -2.52 -0.06
18.46 -0.75 1.18
21.68 0.27 -2.14
21.94 -0.80 -2.47
18.75 1.27 0.73
19.53 -2.33 1.84
17.18 -0.87 0.96
16.89 -1.48 0.73
21.90 -2.37 -0.07
18.43 -3.07 -0.77
21.77 -1.82 -0.71
22.46 -0.83 -1.61
21.01 -0.46 -2.23
18.83 -0.48 -1.19
22.46 1.69 -2.56
23.28 -1.03 -1.68
20.89 -0.46 -3.18
18.86 0.01 -3.15
13.44 -1.08 -1.39
17.10 -3.86 0.06
19.10 -2.58 -0.76
17.34 -1.13 -0.87
18.28 0.82 -1.69
16.38 -0.05 0.08
18.31 -0.06 0.36
17.80 0.22 -0.60
16.48 0.28 -0.72
10.88 2.02 -0.41
15.70 0.54 -0.42
11.61 0.11 -0.55
21.12 -0.33 -0.38
20.69 -1.34 -1.02
23.13 0.21 -0.25
22.46 1.45 -1.29
23.31 2.10 -1.95
18.02 4.09 -1.93
19.41 3.29 -1.18
19.25 -0.65 -1.89
16.78 -0.56 -1.00
20.60 2.77 -1.36
21.16 3.12 -2.86
16.58 2.73 -2.36
19.10 0.44 -0.90
19.69 2.04 -1.30
15.05 4.81 -0.36
19.36 -0.91 -1.84
19.34 0.83 -1.44
19.94 3.04 0.32
21.14 3.36 -0.33
21.65 0.31 -0.23
22.00 2.25 -0.37
20.11 2.26 0.51
18.75 0.31 -0.40
16.72 0.46 -0.73
16.30 -5.50 1.42
14.65 2.91 2.26
16.42 2.94 1.88
17.17 1.15 -2.11
15.73 3.65 -1.25
16.82 0.96 -0.91
15.98 1.40 -0.81
17.44 0.12 -0.19
16.72 -0.75 0.47
10.42 -2.22 -0.02
10.90 0.86 -0.84
17.28 1.50 0.74
17.35 1.02 -0.30
