0.00 11.60 -1.00 -1.52
0.04 24.45 -3.48 -0.68
0.08 22.17 -3.98 -1.88
0.12 24.43 -0.37 -0.74
0.16 23.01 -0.94 -1.96
0.20 20.02 -2.36 -2.22
0.24 19.58 0.05 -1.11
0.28 17.25 -4.65 -0.02
0.32 17.82 -0.72 0.09
0.36 16.04 -0.31 -0.96
0.40 14.05 -5.59 0.18
0.44 23.87 1.63 -0.93
0.48 22.27 1.54 -0.98
0.52 23.07 -0.16 -0.68
0.56 21.84 -1.45 -1.25
0.60 22.36 0.24 -0.46
0.64 20.83 0.24 -0.62
0.68 19.37 2.63 -0.95
0.72 20.82 -0.34 -1.18
0.76 19.60 -0.28 -1.44
0.80 19.56 0.49 -1.41
0.84 18.42 2.42 -1.28
0.88 17.92 1.93 -0.01
0.92 17.62 -0.95 0.29
0.96 21.99 2.91 0.42
1.00 20.87 2.43 -0.48
1.04 20.85 2.63 -0.42
1.08 21.52 1.95 -0.37
1.12 17.46 3.16 -0.20
1.16 21.26 0.86 -0.50
1.20 22.46 0.29 -1.78
1.24 20.28 0.09 -0.79
1.28 20.27 1.49 -0.30
1.32 22.67 0.51 -1.62
1.36 21.99 0.46 -2.40
1.40 19.53 -0.28 -3.07
1.44 18.66 -2.49 -2.10
1.48 16.44 -0.43 -2.31
1.52 16.41 -0.72 -0.44
1.56 17.64 0.28 -1.05
1.60 18.52 -0.26 -1.53
1.64 18.87 -0.64 -1.36
1.68 16.70 -2.85 -0.70
1.72 18.54 -1.29 -0.29
1.76 14.92 -1.57 0.42
1.80 18.00 0.59 0.69
1.84 17.54 -0.85 -1.82
1.88 12.93 0.38 -0.88
1.92 15.11 0.25 -0.24
1.96 12.47 1.77 -0.23
2.00 16.24 -2.54 -0.83
2.04 18.31 -0.53 0.20
2.08 14.21 -0.36 0.57
2.12 18.68 1.91 0.49
2.16 16.79 -0.29 0.93
2.20 19.73 4.20 1.15
2.24 19.56 3.86 0.13
2.28 19.97 2.51 -0.32
2.32 19.37 0.50 -0.90
2.36 16.24 0.01 -0.67
2.40 15.80 1.79 -0.48
2.44 15.91 -0.33 0.12
2.48 16.49 2.52 -0.26
2.52 18.44 -1.06 -0.38
2.56 12.25 0.13 0.22
2.60 12.52 1.30 0.34
2.64 14.21 0.03 0.48
2.68 16.23 0.54 0.28
2.72 17.21 -0.52 0.07
2.76 20.32 3.50 0.20
2.80 20.27 4.60 -0.09
2.84 17.30 2.16 0.46
2.88 16.42 5.53 0.73
2.92 14.42 7.47 1.09
2.96 15.13 6.68 -0.05
3.00 15.71 3.47 0.33
3.04 17.10 1.07 -0.03
3.08 17.20 -0.74 -0.63
3.12 19.30 1.53 -1.44
3.16 16.99 -1.07 -0.97
3.20 20.24 1.29 -0.74
3.24 16.58 2.65 -0.33
3.28 20.25 3.15 -0.26
3.32 20.20 1.00 -0.75
3.36 14.42 -0.60 -0.10
3.40 15.74 2.68 -0.09
3.44 16.29 1.29 -0.42
3.48 16.93 0.84 -0.73
3.52 17.71 1.68 -0.69
3.56 19.44 1.85 -1.92
3.60 17.23 4.91 -2.55
3.64 13.00 3.59 -1.38
3.68 17.43 0.57 -0.93
3.72 17.65 -1.48 -1.62
3.76 11.90 -0.05 0.51
3.80 12.96 3.30 -0.46
3.84 19.53 1.04 -0.21
3.88 17.74 2.84 -0.11
3.92 17.16 3.62 -0.32
3.96 17.11 3.17 -0.52
4.00 15.36 2.26 2.12
4.04 19.96 2.15 0.62
4.08 20.40 1.58 0.32
4.12 17.44 -4.82 0.98
4.16 10.32 8.33 0.83
4.20 18.06 4.84 2.99
4.24 19.97 -1.76 -1.24
4.28 12.71 -7.03 -0.18
4.32 16.36 3.14 0.28
4.36 18.18 1.24 0.06
4.40 16.24 0.05 -0.47
4.44 14.57 -0.64 0.22
4.48 17.94 -0.17 0.00
4.52 21.19 -1.01 0.01
4.56 15.09 2.67 -1.17
4.60 18.82 1.70 -1.43
4.64 18.92 1.19 -1.77
4.68 18.47 0.26 -1.90
4.72 13.71 1.87 -0.34
4.76 14.83 0.51 0.33
4.80 17.46 -1.32 0.00
4.84 17.57 1.76 -1.25
4.88 16.52 3.33 -1.24
4.92 17.59 1.24 -1.11
4.96 20.33 4.04 -1.45
5.00 18.31 3.89 -2.23
5.04 17.23 2.35 -1.47
5.08 15.83 4.58 -0.81
5.12 19.71 0.57 -0.15
5.16 17.54 0.72 -1.61
5.20 14.46 2.43 -0.04
5.24 14.95 3.62 0.00
5.28 14.52 3.90 0.75
5.32 19.24 -1.56 -0.29
5.36 16.52 -2.62 -0.86
5.40 18.22 0.30 0.27
5.44 19.74 2.49 -0.44
5.48 19.76 0.46 -2.18
5.52 19.52 2.74 -2.34
5.56 17.81 2.72 -1.74
5.60 17.43 3.33 -0.80
5.64 18.93 4.59 -1.14
5.68 19.22 2.15 -1.22
5.72 19.02 0.44 -0.90
5.76 16.30 0.81 -0.98
5.80 16.09 -1.23 -0.53
5.84 17.87 -0.24 -0.36
5.88 16.64 5.83 0.86
5.92 17.41 6.33 -0.50
5.96 14.97 0.91 1.20
6.00 15.21 1.39 0.80
6.04 16.11 2.65 -0.76
6.08 13.27 4.44 1.10
6.12 16.42 4.07 0.76
6.16 19.74 3.42 -0.86
6.20 15.05 4.50 0.54
6.24 14.78 1.33 0.15
6.28 17.90 2.13 0.23
6.32 15.72 0.28 0.48
6.36 15.76 -0.45 0.17
6.40 15.97 0.48 1.05
6.44 14.17 1.05 0.72
6.48 15.95 2.50 -0.41
6.52 16.73 3.10 -1.23
6.56 18.47 3.01 -1.91
6.60 16.03 2.88 -1.93
6.64 16.99 -0.26 0.18
6.68 12.80 1.15 0.33
6.72 13.49 0.17 0.44
6.76 14.30 1.05 -0.23
6.80 16.98 0.01 -0.46
6.84 17.41 -2.99 -0.63
6.88 13.53 -2.22 0.01
6.92 16.62 -0.48 0.81
6.96 18.74 -1.34 -1.04
7.00 12.18 1.68 -1.40
7.04 18.64 -3.02 -0.66
7.08 21.70 -1.54 -1.06
7.12 22.09 0.85 -1.50
7.16 24.62 0.43 -3.77
7.20 16.65 -2.86 -0.96
7.24 22.17 -2.80 -0.56
7.28 21.74 -2.65 -2.32
7.32 17.19 -2.21 0.15
7.36 18.44 1.75 -1.13
7.40 11.77 2.70 0.50
7.44 16.27 2.74 1.00
7.48 17.80 1.48 0.35
7.52 20.25 -1.98 -1.42
7.56 18.41 -1.71 -1.37
7.60 18.52 -1.60 -1.50
7.64 23.96 -0.40 0.35
7.68 21.98 0.37 -1.50
7.72 22.82 -0.20 -1.74
7.76 24.35 -3.41 -3.01
7.80 24.30 -3.67 -1.89
7.84 22.04 -2.88 -1.84
7.88 21.91 -2.16 -3.28
7.92 21.06 -4.45 -0.79
7.96 23.78 -0.08 -1.03
8.00 20.32 -3.22 -1.16
8.04 21.84 -2.08 -1.26
8.08 21.76 0.60 -1.48
8.12 21.73 0.55 -0.29
8.16 20.63 0.15 -0.99
8.20 21.23 -1.00 -2.24
8.24 21.35 1.94 -2.92
8.28 22.02 1.30 -2.89
8.32 20.32 -0.40 -2.39
8.36 21.13 0.22 -0.77
8.40 18.08 1.81 -0.53
8.44 16.41 1.25 -0.04
8.48 18.01 3.37 0.02
8.52 13.62 5.86 -1.82
8.56 18.60 4.62 -0.51
8.60 20.11 -0.38 -0.86
8.64 20.82 0.38 -0.68
8.68 23.80 0.44 -0.44
8.72 18.21 -0.13 1.04
8.76 19.25 1.35 1.82
8.80 19.63 -3.90 0.73
8.84 19.05 -3.13 0.56
8.88 19.80 -1.14 0.03
8.92 19.73 4.33 -1.32
8.96 19.68 1.00 -1.75
9.00 18.21 -1.12 -1.57
9.04 16.07 -0.63 0.80
9.08 18.70 -1.76 4.19
9.12 19.40 0.04 2.05
9.16 21.35 1.25 3.48
9.20 22.84 1.48 -1.83
9.24 22.44 1.00 -0.18
9.28 18.13 2.26 -0.23
9.32 18.78 0.33 -0.30
9.36 20.32 0.01 0.61
9.40 23.89 -2.60 -0.14
9.44 23.74 0.61 -1.87
9.48 25.54 1.85 -3.18
9.52 21.56 0.72 -3.44
9.56 15.31 -1.34 -2.03
9.60 19.84 1.68 -0.22
9.64 22.10 -0.77 -0.88
9.68 22.18 -1.55 -1.00
9.72 23.29 -2.40 -1.00
9.76 22.79 0.24 -0.98
9.80 23.84 -0.02 -1.87
9.84 22.79 0.46 -1.93
9.88 24.68 1.40 -1.48
9.92 19.34 -1.13 -1.92
9.96 19.52 -0.36 -0.80
10.00 17.46 -2.86 0.02
10.04 20.09 0.20 0.33
10.08 23.30 5.00 -0.11
10.12 24.34 -0.52 -2.29
10.16 21.56 -2.47 -2.03
10.20 24.58 -2.83 -1.30
10.24 20.74 -3.05 -0.62
10.28 22.26 0.16 -1.18
10.32 24.27 2.20 0.11
10.36 24.56 1.24 -1.01
10.40 20.79 0.77 -1.17
10.44 19.06 -0.08 -0.97
10.48 20.49 -0.75 -0.33
10.52 19.99 0.36 -0.15
10.56 16.76 0.15 0.34
10.60 18.35 0.07 -1.01
10.64 18.16 1.50 -2.14
10.68 19.41 -1.36 -1.58
10.72 18.99 -0.37 -1.43
10.76 18.28 -2.62 -1.43
10.80 19.00 -1.92 0.30
10.84 20.60 -4.35 0.01
10.88 19.97 0.99 -1.50
10.92 20.92 -1.26 -1.53
10.96 22.08 -1.42 -0.94
11.00 23.05 -0.33 -1.57
11.04 18.66 4.33 -1.25
11.08 19.24 -0.01 -1.17
11.12 21.92 3.66 -1.62
11.16 21.73 2.20 -1.99
11.20 15.97 2.25 -0.23
11.24 16.72 -1.98 0.67
11.28 20.58 0.91 0.17
11.32 22.52 0.20 -0.70
11.36 23.67 -2.12 -2.23
11.40 23.46 2.75 -2.24
11.44 22.29 1.89 -1.86
11.48 20.50 0.13 -1.23
11.52 14.14 1.48 -2.05
11.56 9.45 2.13 -1.90
11.60 11.40 -1.58 -0.70
11.64 17.85 1.17 1.11
11.68 19.55 -0.52 0.52
11.72 19.92 0.80 -0.92
11.76 19.33 1.08 -0.83
11.80 19.74 0.01 -0.92
11.84 15.48 2.42 0.48
11.88 15.18 1.50 1.28
11.92 20.74 1.16 0.42
11.96 23.38 0.97 -1.97
12.00 18.18 -0.93 -2.47
12.04 21.23 -0.04 -0.23
12.08 19.98 -1.18 0.12
12.12 18.24 -1.90 0.25
12.16 22.51 3.32 -0.89
12.20 22.12 4.42 -0.86
12.24 20.37 0.46 -1.54
12.28 20.15 2.16 -0.70
12.32 23.45 2.11 -0.21
12.36 20.98 1.10 -0.51
12.40 22.82 1.61 -0.29
12.44 21.93 -0.21 0.66
12.48 20.27 -0.19 0.18
12.52 18.62 -2.89 0.33
12.56 18.68 -3.50 0.33
12.60 18.09 -3.33 0.10
12.64 17.30 -0.76 -0.72
12.68 12.67 2.79 1.60
12.72 24.27 -0.33 -1.19
12.76 22.40 -0.75 -1.72
12.80 23.20 -2.56 -1.32
12.84 20.30 -5.12 -1.07
12.88 23.51 -1.38 -1.41
12.92 24.43 -1.20 -0.45
12.96 22.72 -1.24 -1.38
13.00 23.91 -1.67 -1.20
13.04 21.85 -1.03 -1.48
13.08 24.21 -0.85 -1.42
13.12 21.56 0.95 -0.43
13.16 22.28 -0.77 0.09
13.20 23.43 -0.87 -1.35
13.24 23.18 -0.43 -1.10
13.28 22.32 -0.07 -1.61
13.32 21.65 0.04 -1.37
13.36 19.54 0.15 -1.06
13.40 19.75 -2.13 0.23
13.44 19.42 -1.83 0.74
13.48 19.14 -2.23 0.33
13.52 20.28 -2.42 -0.60
13.56 17.75 -2.72 -1.11
13.60 19.44 0.28 -0.79
13.64 20.46 -0.24 -0.97
13.68 20.86 0.49 -1.31
13.72 19.95 -0.13 -0.30
13.76 18.94 0.77 -0.99
13.80 20.08 -0.35 -1.26
13.84 20.74 -2.01 -2.01
13.88 21.04 0.14 -0.58
13.92 20.21 1.21 -0.97
13.96 20.13 0.30 -1.15
14.00 20.20 1.48 -0.76
14.04 19.46 1.33 -1.11
14.08 15.29 -0.57 -0.55
14.12 19.62 -0.37 -0.32
14.16 19.19 0.58 -0.59
14.20 17.70 -0.21 0.25
14.24 19.51 -0.04 -0.49
14.28 15.36 0.49 -0.65
14.32 16.97 -0.84 -0.79
14.36 18.46 -0.60 -0.43
14.40 16.33 1.45 -0.14
14.44 19.47 -0.32 -0.39
14.48 20.83 -0.66 -1.66
14.52 15.40 0.37 -1.60
14.56 15.96 2.15 1.48
14.60 18.50 3.94 -0.16
14.64 14.72 -2.47 1.52
14.68 18.17 3.06 2.43
14.72 16.67 0.01 1.49
14.76 22.11 0.90 -0.20
14.80 23.61 1.14 0.29
14.84 23.09 2.16 -0.92
14.88 13.73 0.44 -0.80
14.92 14.40 -0.78 0.80
14.96 20.08 4.37 1.02
15.00 16.69 5.82 1.37
15.04 20.15 5.79 2.93
15.08 19.26 4.39 -0.23
15.12 19.56 4.96 -1.10
15.16 18.66 2.44 -1.15
15.20 19.06 3.89 -0.97
15.24 18.39 2.00 -1.13
15.28 18.71 2.00 -1.56
15.32 17.20 4.27 -1.56
15.36 15.81 2.50 -1.00
15.40 13.09 1.50 0.38
15.44 17.99 0.87 0.36
15.48 15.89 -1.41 -0.23
15.52 18.19 2.33 -0.45
15.56 17.06 2.83 -0.41
15.60 19.73 -0.82 -1.20
15.64 21.77 0.44 -0.35
15.68 22.37 1.54 -1.09
15.72 16.69 0.03 -1.11
15.76 14.36 0.35 0.80
15.80 15.56 -3.82 -0.08
15.84 16.22 -5.96 -0.51
15.88 13.95 -2.98 0.32
15.92 13.31 -0.75 1.20
15.96 18.51 1.19 0.24
16.00 17.49 -2.21 -1.10
16.04 17.05 -1.01 -1.33
16.08 16.29 0.93 -1.26
16.12 15.26 2.24 -0.37
16.16 13.06 -0.65 -0.07
16.20 15.22 -1.13 -0.13
16.24 17.32 -2.09 0.27
16.28 20.02 -1.83 -2.09
16.32 16.97 -4.02 -1.97
16.36 21.51 0.92 -1.06
16.40 22.45 0.42 -1.80
16.44 16.43 2.30 -1.16
16.48 18.45 -0.95 -2.25
16.52 13.44 5.02 1.38
16.56 18.04 0.96 0.99
16.60 15.37 3.01 0.09
16.64 15.57 -1.19 -0.79
16.68 15.93 -1.14 -0.26
16.72 12.70 0.75 1.89
16.76 15.28 2.49 2.31
16.80 16.71 -1.32 2.90
16.84 21.51 -0.50 0.42
16.88 22.51 -0.57 -2.05
16.92 17.89 -0.85 -1.74
16.96 13.97 0.97 -0.64
17.00 16.57 1.03 0.55
17.04 18.92 0.11 0.68
17.08 20.43 0.43 -1.25
17.12 20.10 0.80 -1.51
17.16 19.09 2.09 -0.34
17.20 18.06 0.36 -0.33
17.24 18.16 2.24 -0.85
17.28 20.27 -1.18 -0.11
17.32 21.08 -2.31 -0.43
17.36 19.64 -1.08 -0.40
17.40 19.00 -3.04 0.04
17.44 17.01 -1.16 -0.02
17.48 18.17 0.45 -0.11
17.52 19.96 -0.45 -1.03
17.56 15.64 0.77 -1.73
17.60 13.38 2.99 -1.42
17.64 15.20 4.68 -0.94
17.68 15.06 3.35 -1.02
17.72 17.81 0.16 -1.78
17.76 14.31 1.00 -0.84
17.80 14.78 -0.84 -0.38
17.84 15.73 -0.42 -1.11
17.88 17.12 0.93 -1.73
17.92 9.01 0.57 0.05
17.96 14.52 -2.28 1.08
18.00 14.79 -0.94 0.50
18.04 15.83 -1.67 0.42
18.08 15.73 1.05 0.12
18.12 14.28 0.25 -0.09
18.16 17.44 2.80 -0.07
18.20 18.31 -2.04 0.22
18.24 19.28 -3.11 -0.34
18.28 14.52 2.60 0.56
18.32 15.22 2.32 -0.02
18.36 13.44 -0.50 -0.25
18.40 18.12 -1.94 0.47
18.44 17.98 -1.63 -0.42
18.48 17.60 0.96 -0.96
18.52 16.90 1.12 -0.97
18.56 16.44 -0.46 -0.67
18.60 13.62 -0.46 -1.07
18.64 14.73 -0.19 -0.43
18.68 14.17 -1.83 -0.24
18.72 15.30 0.95 -0.22
18.76 14.51 -0.33 -0.97
18.80 14.09 0.87 -1.51
18.84 14.92 3.27 -0.46
18.88 14.73 -1.23 -1.81
18.92 14.49 -0.99 -2.49
18.96 18.05 0.21 -0.11
19.00 12.98 -2.06 0.76
19.04 16.51 -2.20 0.87
19.08 15.67 -0.64 0.43
19.12 12.52 1.36 1.33
19.16 14.30 -0.87 1.21
19.20 13.97 -0.45 0.19
19.24 14.19 -1.77 -0.67
19.28 9.10 -1.26 0.19
19.32 11.18 0.01 2.55
19.36 12.96 1.31 2.21
19.40 13.03 2.80 0.42
19.44 16.26 2.23 -1.85
19.48 13.86 0.44 0.42
19.52 16.88 1.71 0.23
19.56 16.75 1.86 0.19
19.60 16.65 3.56 0.26
19.64 18.52 1.68 0.98
19.68 18.42 1.16 -0.04
19.72 18.10 1.48 -0.54
19.76 18.13 0.59 -0.33
19.80 19.70 1.06 -1.53
19.84 15.18 2.58 -0.99
19.88 18.35 2.99 -0.83
19.92 18.43 -0.09 -0.55
19.96 19.51 2.14 -0.61
20.00 17.30 3.97 -0.70
20.04 17.73 1.06 -0.57
20.08 15.52 0.99 -0.81
20.12 15.12 1.30 -1.00
20.16 14.63 -1.95 -0.48
20.20 14.18 -2.14 0.06
20.24 17.71 -4.67 -0.31
20.28 14.67 -6.21 -0.41
20.32 18.26 -2.94 2.73
20.36 13.73 -2.94 -2.38
20.40 13.92 -2.60 -1.35
20.44 18.60 0.09 -0.76
20.48 18.25 1.04 -2.10
20.52 16.01 -0.01 -0.40
20.56 17.36 -0.80 -0.05
20.60 15.98 -1.76 0.32
20.64 14.54 -1.94 0.52
20.68 13.96 -0.15 1.37
20.72 17.98 1.00 0.75
20.76 17.38 2.98 -0.18
20.80 16.17 -0.59 -2.30
20.84 14.39 4.51 -1.04
20.88 13.46 1.15 -1.70
20.92 17.00 -2.23 -1.46
20.96 15.68 -1.33 -1.42
21.00 16.01 0.37 -0.39
21.04 10.29 1.07 1.72
21.08 13.11 2.30 1.79
21.12 16.70 2.29 -0.41
21.16 15.32 1.66 -1.87
21.20 17.74 2.33 -2.27
21.24 13.88 9.73 -1.09
21.28 18.82 6.24 -0.58
21.32 11.44 -4.83 -0.57
21.36 11.81 -1.33 0.33
21.40 15.38 1.16 0.54
21.44 11.34 4.84 -0.33
21.48 11.01 -0.77 -3.02
21.52 11.96 1.19 -0.77
21.56 12.78 -0.75 -0.57
21.60 13.62 2.50 0.21
21.64 17.84 1.97 0.38
21.68 17.32 0.30 -1.08
21.72 17.82 0.87 -1.16
21.76 15.36 0.57 -0.28
21.80 18.19 -1.05 -0.33
21.84 16.56 -1.20 -1.26
21.88 17.97 -0.08 -1.01
21.92 21.62 0.31 -1.97
21.96 19.56 0.50 -1.12
22.00 20.32 -1.42 0.55
22.04 21.27 3.07 -0.25
22.08 14.86 -0.17 -0.55
22.12 16.06 2.12 0.19
22.16 17.98 -1.03 0.80
22.20 11.27 1.95 1.63
22.24 15.55 1.37 1.75
22.28 13.22 -2.70 0.79
22.32 11.65 -3.95 1.54
22.36 13.61 -4.14 1.29
22.40 16.42 -2.33 -1.99
22.44 11.88 -0.16 -0.61
22.48 6.89 -0.40 0.28
22.52 13.64 -1.60 1.41
22.56 13.93 0.79 0.44
22.60 13.07 0.39 0.39
22.64 13.62 -0.08 0.33
22.68 14.39 -2.47 -0.20
22.72 12.92 -1.07 -1.30
22.76 10.54 -1.73 -0.74
22.80 13.56 1.14 0.45
22.84 16.09 -2.46 -0.68
22.88 12.05 1.10 -0.35
22.92 17.59 -0.42 1.07
22.96 20.81 2.93 -1.27
23.00 20.29 -0.32 -1.68
23.04 18.90 1.22 -0.60
23.08 17.22 -1.08 -0.41
23.12 17.32 1.99 -0.94
23.16 20.05 -2.28 -2.10
23.20 20.45 -1.81 -2.76
23.24 21.56 -4.47 -0.76
23.28 21.73 -0.20 -2.10
23.32 12.92 6.63 1.52
23.36 17.28 -3.48 0.22
23.40 20.84 -0.76 0.45
23.44 17.76 -0.63 -0.94
23.48 18.53 1.47 1.23
23.52 20.36 -7.03 0.34
23.56 10.26 -12.93 1.19
23.60 16.49 -1.78 1.15
23.64 18.01 -0.36 0.31
23.68 18.09 0.81 -1.17
23.72 12.99 0.17 0.15
23.76 21.69 1.85 -1.80
23.80 19.01 1.90 -0.27
23.84 21.62 -1.74 -0.59
23.88 15.12 0.56 -0.81
23.92 21.34 2.02 0.34
23.96 18.53 -0.77 0.10
24.00 18.64 -0.86 0.68
24.04 21.92 -1.51 1.44
24.08 22.05 -2.65 -0.03
24.12 21.39 1.10 0.62
24.16 23.59 0.14 -0.49
24.20 22.42 0.84 -1.72
24.24 20.06 1.45 -1.44
24.28 20.31 2.33 -1.69
24.32 16.78 2.63 -1.08
24.36 19.78 1.83 -0.06
24.40 18.58 -0.06 -0.92
24.44 15.47 2.24 -0.41
24.48 18.82 0.80 -0.33
24.52 20.27 1.85 1.03
24.56 19.99 0.76 0.75
24.60 19.56 0.29 -0.05
24.64 15.90 -1.02 0.52
24.68 19.04 2.44 0.29
24.72 20.16 1.51 -0.23
24.76 20.10 1.09 -0.26
24.80 18.27 0.77 0.60
24.84 17.83 -0.97 0.70
24.88 19.00 -0.10 0.26
24.92 18.16 -1.69 0.03
24.96 17.12 -0.93 -0.45
25.00 14.94 -3.93 -0.68
25.04 11.91 -3.44 0.08
25.08 15.74 1.32 0.89
25.12 17.30 0.96 0.55
25.16 15.66 2.12 -0.25
25.20 15.07 -2.71 0.01
25.24 15.80 -1.76 -0.16
25.28 20.50 -3.13 -1.15
25.32 17.74 -0.64 -1.29
25.36 17.00 -2.36 -0.37
25.40 17.78 -3.68 -1.10
25.44 3.60 -4.18 -0.36
25.48 19.09 -2.64 1.77
25.52 16.46 -1.34 0.33
25.56 14.30 1.07 -0.16
25.60 15.06 1.57 -0.17
25.64 14.23 0.15 -0.32
25.68 11.04 1.90 -0.13
25.72 13.85 1.83 -0.45
25.76 13.29 3.42 -0.44
25.80 15.87 0.51 -0.99
25.84 15.05 0.46 -0.61
25.88 12.23 3.46 1.12
25.92 14.80 -0.03 1.06
25.96 12.60 1.22 1.22
26.00 12.43 -1.26 1.21
26.04 12.78 4.34 0.29
26.08 10.95 1.26 -0.27
26.12 14.48 0.74 -0.11
26.16 12.86 -1.91 -0.10
26.20 12.64 -0.25 -0.04
26.24 10.80 2.40 0.88
26.28 12.20 7.82 0.93
26.32 16.18 2.09 2.03
26.36 16.17 3.15 1.70
26.40 12.50 -3.64 0.29
26.44 13.68 -0.58 1.42
26.48 16.84 -0.38 0.56
26.52 19.26 -0.29 -1.08
26.56 12.85 1.36 -1.81
26.60 16.57 1.15 -1.67
26.64 13.01 -0.97 -1.03
26.68 13.22 0.50 -1.96
26.72 14.45 -3.08 -2.33
26.76 15.39 -6.45 -2.25
26.80 15.86 -5.00 -1.63
26.84 -1.27 52.31 -2.13
26.88 14.41 -2.12 -0.71
26.92 13.30 3.27 -1.14
26.96 13.54 0.24 -0.46
27.00 13.29 -1.58 -0.18
27.04 13.11 3.63 -0.55
27.08 12.89 5.69 -0.59
27.12 19.25 1.74 -0.66
27.16 18.18 2.80 -0.84
27.20 19.11 4.23 -0.22
27.24 22.11 1.86 0.11
27.28 24.13 1.68 -3.51
27.32 18.83 2.07 1.67
27.36 22.01 1.77 0.09
27.40 21.95 0.80 -0.79
27.44 21.88 3.76 -1.25
27.48 19.75 1.43 0.22
27.52 20.00 0.37 -0.77
27.56 19.30 0.15 -1.34
27.60 18.78 2.85 -0.37
27.64 16.31 2.31 1.05
27.68 20.10 1.58 -0.06
27.72 19.70 2.20 0.61
27.76 20.73 1.05 0.21
27.80 19.43 0.68 -0.07
27.84 20.80 -0.75 0.30
27.88 21.07 3.20 0.08
27.92 16.09 4.69 -0.56
27.96 16.67 1.60 0.47
28.00 20.02 -2.07 1.27
28.04 22.42 0.16 0.69
28.08 20.48 2.46 -1.12
28.12 20.34 1.86 0.38
28.16 22.92 5.82 -0.85
28.20 23.72 1.97 -1.60
28.24 20.96 6.12 -0.02
28.28 22.68 4.25 -0.91
28.32 22.52 0.74 -1.69
28.36 22.37 -0.25 -2.59
28.40 15.61 -3.07 -1.75
28.44 18.21 -1.34 -0.42
28.48 21.74 0.62 0.25
28.52 20.25 1.03 -0.03
28.56 20.14 1.46 -0.24
28.60 20.97 -0.24 -0.64
28.64 20.83 -1.22 -1.53
28.68 13.01 -1.14 -1.13
28.72 20.34 1.05 0.41
28.76 20.06 1.58 -0.08
28.80 17.90 0.51 -0.14
28.84 22.01 1.21 -0.96
28.88 21.83 4.03 -1.44
28.92 21.34 3.70 -0.87
28.96 24.58 1.88 0.07
29.00 23.23 1.85 -0.63
29.04 21.34 -0.24 -0.81
29.08 21.73 0.47 -0.52
29.12 21.50 2.04 -1.81
29.16 20.52 -3.11 -2.35
29.20 20.62 0.65 -2.45
29.24 16.46 0.32 -0.58
29.28 17.53 -0.27 -1.11
29.32 17.41 -0.86 -0.72
29.36 20.35 1.40 -1.81
29.40 16.24 1.46 -1.98
29.44 16.23 -1.24 -1.23
29.48 18.00 -1.73 -0.12
29.52 15.66 1.90 -0.07
29.56 17.14 1.50 -0.42
29.60 18.76 0.83 -0.21
29.64 19.59 1.46 -1.70
29.68 16.70 -1.84 -1.58
29.72 16.00 -1.37 -0.80
29.76 14.90 -0.87 -0.62
29.80 14.47 0.54 0.10
29.84 20.52 3.65 0.34
29.88 17.53 0.97 1.31
29.92 19.71 0.31 0.33
29.96 16.89 -2.69 0.48
30.00 17.94 -3.07 1.00
30.04 17.20 -1.91 -0.58
30.08 19.13 -1.19 -1.37
30.12 20.02 -3.01 -1.17
30.16 19.14 -1.43 -0.88
30.20 18.95 -1.08 -1.54
30.24 14.88 -2.35 -0.39
30.28 19.18 -1.80 0.22
30.32 14.79 -2.44 0.55
30.36 12.84 0.48 1.55
30.40 14.51 -2.25 1.65
30.44 20.64 -2.63 -0.47
30.48 22.37 -1.91 -2.27
30.52 18.40 -0.14 -1.69
30.56 18.63 -2.56 -1.62
30.60 14.78 -3.62 2.30
30.64 17.17 -4.09 0.17
30.68 18.36 -1.50 -0.70
30.72 17.36 -0.30 -0.92
30.76 19.64 -0.74 -1.58
30.80 17.94 -4.50 -1.39
30.84 17.31 -2.24 -0.51
30.88 20.08 -1.43 -0.13
30.92 18.38 -1.86 -0.22
30.96 22.18 -2.25 0.27
31.00 19.76 -0.65 -0.39
31.04 21.05 -0.33 -1.21
31.08 17.34 2.57 -3.28
31.12 15.38 2.37 -1.61
31.16 17.76 -0.20 0.45
31.20 16.04 -1.14 -0.17
31.24 17.68 1.15 0.29
31.28 17.75 1.67 -0.17
31.32 18.39 1.32 -1.17
31.36 20.25 0.56 -1.38
31.40 16.88 1.79 -1.43
31.44 16.86 -1.42 -0.80
31.48 13.44 -2.03 -0.36
31.52 16.69 1.18 -1.01
31.56 14.47 -0.33 -0.71
31.60 16.34 -0.67 0.14
31.64 15.24 -0.77 1.07
31.68 17.35 0.18 0.68
31.72 17.01 -1.44 0.00
31.76 17.09 -1.43 0.32
31.80 15.73 2.45 -0.09
31.84 11.66 0.11 1.03
31.88 14.93 2.37 2.49
31.92 16.19 1.65 1.34
31.96 16.77 3.13 1.08
32.00 18.83 2.87 -0.69
32.04 19.26 2.09 -2.77
32.08 17.10 1.67 -3.96
32.12 20.29 0.20 -1.67
32.16 20.71 -0.73 -1.35
32.20 21.58 0.20 -0.93
32.24 22.43 0.48 -1.26
32.28 19.31 2.69 -0.95
32.32 17.93 3.57 -2.19
32.36 20.23 0.81 -2.67
32.40 18.27 2.03 -2.26
32.44 21.56 0.34 -1.73
32.48 19.69 0.26 -2.06
32.52 19.15 1.02 -1.76
32.56 13.77 -0.49 -0.26
32.60 14.80 4.40 2.14
32.64 18.31 4.26 -0.67
32.68 17.08 1.17 0.10
32.72 22.41 3.10 0.11
32.76 20.76 1.08 -2.15
32.80 19.09 -0.17 -1.57
32.84 20.46 -1.24 -1.97
32.88 14.79 -3.45 -1.02
32.92 19.57 -0.77 -0.56
32.96 19.38 0.34 -1.79
33.00 20.02 1.86 -1.30
33.04 18.99 3.39 -1.58
33.08 20.32 -1.33 -2.09
33.12 19.43 -2.31 -2.49
33.16 18.87 -0.77 -1.27
33.20 14.74 -1.42 0.29
33.24 17.67 -0.93 1.92
33.28 15.32 -1.57 -0.43
33.32 14.31 -1.79 -0.92
33.36 14.04 -1.83 0.55
33.40 12.95 -2.52 0.63
33.44 17.78 2.50 0.45
33.48 19.76 -2.17 -0.03
33.52 17.19 -1.22 -0.06
33.56 20.48 3.27 -0.73
33.60 20.79 3.20 -1.31
33.64 19.85 5.76 -2.29
33.68 13.45 3.10 0.58
33.72 14.67 -0.46 0.94
33.76 19.75 3.80 -0.15
33.80 23.16 1.27 -1.21
33.84 19.61 1.42 -1.90
33.88 18.66 0.89 -0.80
33.92 18.05 -3.03 0.22
33.96 21.30 1.56 -0.62
34.00 21.15 0.54 -1.03
34.04 20.54 -0.10 -2.56
34.08 19.99 -2.46 -1.42
34.12 10.08 -0.16 0.55
34.16 14.85 0.36 1.49
34.20 21.31 2.44 -0.21
34.24 21.87 5.58 -0.28
34.28 25.12 2.77 -1.05
34.32 25.11 2.46 -2.56
34.36 23.08 5.77 -2.46
34.40 18.41 -0.83 -2.47
34.44 20.85 0.16 -1.60
34.48 19.07 0.49 -1.82
34.52 18.95 -1.24 -1.70
34.56 22.01 -0.61 -2.15
34.60 19.03 -0.79 -1.44
34.64 17.46 0.21 -1.65
34.68 15.80 -2.02 -1.67
34.72 14.16 -3.57 -2.15
34.76 15.85 -5.42 0.26
34.80 14.69 -0.20 0.81
34.84 16.30 -1.28 0.72
34.88 17.70 -0.52 0.18
34.92 16.07 1.41 -0.61
34.96 18.16 1.55 0.09
35.00 17.85 1.97 -0.28
35.04 17.95 1.18 -1.03
35.08 18.35 2.46 0.01
35.12 20.98 1.43 -0.39
35.16 23.04 0.56 -1.38
35.20 21.77 -0.59 -2.16
35.24 22.67 2.13 -1.73
35.28 21.39 1.49 -1.64
35.32 17.43 5.66 -0.99
35.36 21.46 2.87 -1.49
35.40 18.86 1.53 -1.67
35.44 19.98 -0.90 -1.92
35.48 19.21 0.56 0.61
35.52 20.23 1.90 -0.11
35.56 16.38 1.77 0.26
35.60 18.48 3.63 0.83
35.64 20.81 2.08 -0.32
35.68 20.82 -1.88 -2.33
35.72 19.18 -1.44 -2.32
35.76 13.30 -2.89 -2.18
35.80 18.18 2.80 -1.26
35.84 18.41 -0.19 -1.16
35.88 19.17 -0.07 -0.39
35.92 18.47 2.36 -0.61
35.96 19.07 2.38 -0.77
36.00 16.95 2.83 -0.67
36.04 18.78 1.28 0.07
36.08 22.77 0.63 -0.58
36.12 17.32 -0.76 -0.68
36.16 19.66 0.69 -0.59
36.20 13.94 0.66 0.15
36.24 17.12 -1.84 1.06
36.28 18.97 -1.90 0.00
36.32 17.74 0.39 -1.36
36.36 16.62 0.28 -1.18
36.40 20.61 -0.65 -0.79
36.44 21.40 -1.41 -0.98
36.48 20.36 1.25 -1.02
36.52 22.91 -0.61 -1.07
36.56 22.93 0.19 -1.13
36.60 21.48 -2.42 -1.31
36.64 22.66 0.65 -2.24
36.68 19.41 3.95 -1.30
36.72 20.96 0.59 -0.48
36.76 23.53 0.65 -0.60
36.80 22.58 0.13 -2.13
36.84 20.35 0.94 -2.77
36.88 15.17 1.00 -0.31
36.92 21.62 2.90 0.57
36.96 15.57 0.94 1.79
37.00 19.05 2.18 0.64
37.04 18.35 0.12 0.03
37.08 20.01 1.38 -0.58
37.12 20.30 3.37 -0.98
37.16 21.39 1.08 0.62
37.20 19.32 -0.92 1.06
37.24 19.09 -0.82 1.02
37.28 17.63 -0.73 -0.34
37.32 16.12 -1.23 -1.21
37.36 15.69 2.48 0.42
37.40 22.40 -0.05 -0.36
37.44 19.76 0.33 -2.53
37.48 21.26 -1.08 0.51
37.52 25.71 -3.25 -0.29
37.56 23.95 -1.30 -1.35
37.60 21.77 1.12 0.88
37.64 22.88 -0.68 0.63
37.68 22.32 1.20 -0.48
37.72 21.25 2.30 -1.14
37.76 24.79 1.38 -1.54
37.80 22.96 2.48 -0.98
37.84 23.12 4.64 -1.00
37.88 25.43 2.76 -1.96
37.92 22.89 1.99 -2.29
37.96 19.29 4.31 -0.82
38.00 19.39 2.33 -0.05
38.04 18.78 0.40 0.99
38.08 18.77 2.11 0.30
38.12 17.78 0.58 0.22
38.16 18.61 0.09 0.03
38.20 18.48 -0.24 -0.27
38.24 20.18 -0.06 -0.23
38.28 19.08 3.68 -0.14
38.32 18.46 2.41 -1.21
38.36 19.38 3.55 -1.66
38.40 17.08 5.88 -1.16
38.44 17.99 2.58 1.62
38.48 21.99 2.57 -0.86
38.52 18.40 2.30 0.68
38.56 16.75 0.40 1.51
38.60 20.10 2.83 0.97
38.64 22.17 1.73 -0.39
38.68 21.99 1.45 -1.03
38.72 21.74 -1.05 -1.12
38.76 21.75 2.93 -0.70
38.80 19.80 1.19 -0.37
38.84 23.29 1.20 -1.86
38.88 24.82 -0.84 -2.30
38.92 20.54 0.65 -2.20
38.96 20.08 -3.03 -2.31
39.00 18.22 -5.77 -2.34
39.04 13.40 1.92 -1.03
39.08 17.39 -0.80 -0.54
39.12 19.13 0.06 -1.66
39.16 15.64 2.32 -1.67
39.20 10.77 -1.22 -0.90
39.24 11.89 -1.09 1.45
39.28 17.17 2.90 1.46
39.32 18.32 0.64 1.23
39.36 15.91 0.59 0.98
39.40 15.12 0.20 0.71
39.44 15.26 -0.60 0.19
39.48 17.59 0.40 -0.34
39.52 15.46 3.71 -0.62
39.56 22.09 0.80 -0.33
39.60 21.10 -0.41 -1.36
39.64 17.79 -3.63 0.78
39.68 14.89 1.70 1.15
39.72 16.88 1.28 1.39
39.76 17.80 1.70 1.45
39.80 17.79 -1.37 1.30
39.84 13.99 -1.47 1.51
39.88 18.99 -0.15 -0.07
39.92 10.49 3.82 0.33
39.96 15.40 -0.57 0.94
40.00 14.47 -2.03 0.46
40.04 14.49 -2.34 0.33
40.08 15.58 -1.49 0.27
40.12 17.27 0.39 -0.11
40.16 14.43 -0.64 -0.92
40.20 11.60 -1.30 -1.07
40.24 11.48 -1.13 0.28
40.28 16.28 1.27 0.78
40.32 23.62 -0.64 -1.43
40.36 17.24 -1.67 -0.55
40.40 18.63 -3.21 -0.03
40.44 21.06 4.00 -0.51
40.48 18.97 3.02 -0.13
40.52 21.13 2.09 -0.90
40.56 21.21 5.05 -2.60
40.60 18.89 6.57 -1.09
40.64 18.75 0.27 -0.45
40.68 18.65 -5.61 -0.55
40.72 19.73 -0.97 -0.06
40.76 20.28 2.36 -0.71
40.80 17.36 1.67 0.24
40.84 22.84 2.79 -1.46
40.88 20.42 -0.32 -1.48
40.92 18.36 3.45 -0.24
40.96 21.08 1.30 -2.08
41.00 17.13 -1.87 -0.77
41.04 20.02 1.69 0.22
41.08 16.91 -0.44 -0.46
41.12 22.71 -2.14 -0.76
41.16 20.44 -1.13 -0.52
41.20 19.28 1.96 -1.28
41.24 18.78 0.72 -0.38
41.28 20.43 -2.86 -1.56
41.32 17.61 0.64 -1.35
41.36 18.19 -0.10 -0.45
41.40 19.36 0.74 -0.35
41.44 18.81 -1.36 0.42
41.48 20.77 1.70 -0.24
41.52 17.87 1.02 -0.68
41.56 17.15 1.37 -0.82
41.60 19.08 2.75 -1.00
41.64 22.81 4.12 -2.08
41.68 16.81 4.22 -1.28
41.72 23.08 4.07 1.05
41.76 16.22 1.86 -0.75
41.80 19.85 0.30 0.20
41.84 15.97 -2.06 0.97
41.88 21.25 -1.37 1.00
41.92 17.31 0.82 1.02
41.96 25.61 1.64 -1.43
42.00 23.02 1.62 -2.34
42.04 19.73 2.36 1.46
42.08 22.75 2.36 -0.98
42.12 21.37 2.11 -1.77
42.16 22.02 -3.34 1.02
42.20 17.03 -2.72 1.75
42.24 22.10 1.48 0.50
42.28 19.68 -0.17 -1.76
42.32 20.09 2.41 -0.98
42.36 22.89 -0.80 -3.97
42.40 16.64 -1.83 -1.26
42.44 11.96 0.34 1.68
42.48 14.86 2.41 3.20
42.52 20.44 1.58 1.49
42.56 17.42 -4.01 0.97
42.60 20.22 1.85 -0.32
42.64 19.95 0.52 -1.27
42.68 19.72 2.45 -1.84
42.72 23.01 0.98 -1.60
42.76 17.04 1.77 -1.89
42.80 14.63 -2.28 -0.46
42.84 19.45 3.51 -0.42
42.88 21.75 4.02 -0.69
42.92 21.25 3.56 -1.40
42.96 20.35 2.40 -1.92
43.00 20.21 2.79 -0.17
43.04 19.97 -0.83 -1.58
43.08 17.66 -2.47 -0.90
43.12 20.69 1.18 -1.02
43.16 21.68 0.59 -0.96
43.20 22.55 0.64 -1.25
43.24 21.99 -0.78 -0.87
43.28 18.86 -1.27 -0.53
43.32 19.67 -0.46 0.30
43.36 21.34 0.81 -1.30
43.40 20.31 0.96 -2.63
43.44 19.24 -1.48 -1.22
43.48 22.55 1.82 -2.37
43.52 21.13 1.58 -0.58
43.56 23.60 3.85 -0.39
43.60 22.55 2.18 -1.00
43.64 23.12 -0.38 0.39
43.68 20.62 3.68 0.08
43.72 23.31 3.95 -0.71
43.76 19.82 4.18 -0.57
43.80 20.07 1.52 -0.69
43.84 22.54 1.34 -0.33
43.88 22.91 0.96 -1.16
43.92 22.23 0.72 -1.97
43.96 22.33 0.98 -0.85
44.00 24.00 2.95 -0.85
44.04 18.00 2.25 -1.60
44.08 25.22 -1.41 -0.55
44.12 23.60 1.14 -1.14
44.16 23.69 0.52 -0.94
44.20 25.48 0.21 -1.75
44.24 22.41 4.90 -0.08
44.28 20.11 -1.76 -2.25
44.32 21.96 -0.71 -1.69
44.36 18.79 0.30 -1.06
44.40 23.36 -2.32 -0.70
44.44 23.06 -1.98 -1.16
44.48 21.23 -1.62 -1.38
44.52 18.25 -4.17 -0.38
44.56 22.49 -3.88 0.60
44.60 19.09 -4.44 -0.54
44.64 16.52 2.55 0.49
44.68 24.76 -2.80 0.85
44.72 24.82 -1.97 1.77
44.76 22.61 -1.80 -1.17
44.80 22.31 -1.29 -1.96
44.84 18.80 1.00 -0.43
44.88 20.16 -0.82 -0.48
44.92 16.20 -0.81 0.79
44.96 22.26 -0.42 0.94
45.00 22.78 0.08 0.12
45.04 8.61 -4.85 0.23
45.08 18.39 -1.60 1.22
45.12 19.10 0.07 0.41
45.16 17.98 -1.10 -0.46
45.20 17.97 -0.10 -1.18
45.24 16.16 -2.56 -1.32
45.28 16.80 -1.54 -0.66
45.32 13.51 -4.11 0.10
45.36 18.42 -1.53 0.21
45.40 18.52 -4.55 -0.30
45.44 17.50 -1.70 1.06
45.48 16.92 -1.29 -0.25
45.52 17.06 1.02 -0.34
45.56 16.14 -0.83 -0.10
45.60 15.77 -0.33 0.71
45.64 16.24 -0.90 -0.69
45.68 17.34 -0.70 -0.82
45.72 13.44 -1.40 -1.10
45.76 11.69 3.04 -0.84
45.80 15.12 2.56 0.33
45.84 17.09 0.90 -0.84
45.88 13.35 2.17 -1.88
45.92 18.55 0.50 -1.01
45.96 18.00 -1.41 -1.91
46.00 15.38 1.39 -0.31
46.04 16.87 3.56 0.60
46.08 15.57 0.57 -0.57
46.12 13.31 4.54 0.78
46.16 17.87 0.59 -0.77
46.20 16.81 -0.97 -1.43
46.24 17.14 -0.92 -1.83
46.28 17.87 2.02 -0.76
46.32 22.25 0.88 -0.85
46.36 22.19 0.57 -1.82
46.40 16.52 -2.98 0.11
46.44 18.88 -2.74 -0.32
46.48 17.66 -2.38 0.51
46.52 18.62 -3.01 0.62
46.56 18.94 0.71 0.49
46.60 17.20 -3.08 0.93
46.64 16.70 -0.12 0.85
46.68 18.74 -0.26 -0.07
46.72 19.63 -3.62 -2.27
46.76 18.59 2.79 -2.67
46.80 20.39 1.52 -0.66
46.84 20.49 2.31 -1.83
46.88 20.05 0.86 -2.01
46.92 21.75 -0.48 -2.06
46.96 15.88 -0.89 -0.47
47.00 16.90 1.32 -0.96
47.04 14.66 3.93 -0.93
47.08 19.31 -0.11 -2.27
47.12 17.39 -0.85 -2.02
47.16 15.04 3.31 0.05
47.20 17.94 0.89 0.15
47.24 22.22 -1.59 -1.25
47.28 22.55 -0.62 -2.47
47.32 15.87 -3.63 -1.34
47.36 15.53 -2.82 -0.24
47.40 18.33 -4.34 0.30
47.44 16.57 -3.09 0.94
47.48 16.92 -6.27 1.38
47.52 17.67 -1.73 0.90
47.56 18.92 2.20 -0.47
47.60 16.91 1.75 -1.84
47.64 13.34 0.47 -0.79
47.68 14.63 0.65 0.02
47.72 17.61 0.23 -0.36
47.76 22.05 0.04 -1.14
47.80 17.99 -2.21 -0.85
47.84 16.98 -0.22 -0.41
47.88 16.20 1.52 0.89
47.92 17.71 1.67 0.82
47.96 16.70 2.10 0.95
48.00 16.26 1.26 1.77
48.04 18.15 -1.31 1.12
48.08 18.23 -1.99 -0.55
48.12 17.12 -1.21 -1.39
48.16 20.02 -2.58 -1.20
48.20 13.08 -4.78 -0.33
48.24 19.40 -0.27 0.49
48.28 19.87 -2.58 0.19
48.32 15.05 -4.64 1.01
48.36 21.73 -0.89 -0.88
48.40 21.88 0.83 -1.21
48.44 6.42 -3.23 -1.54
48.48 11.78 0.89 1.08
48.52 13.81 1.27 1.29
48.56 13.80 0.91 0.33
48.60 14.08 0.13 0.59
48.64 18.53 1.45 0.25
48.68 15.81 1.95 -0.92
48.72 19.85 5.46 -1.15
48.76 16.91 6.87 -1.98
48.80 16.08 1.98 -1.53
48.84 13.85 0.53 -0.39
48.88 15.88 -1.28 1.01
48.92 17.95 0.48 0.74
48.96 18.13 4.62 1.25
49.00 18.77 4.49 0.40
49.04 19.86 3.19 -0.60
49.08 19.24 -0.81 0.16
49.12 20.41 -1.44 -0.34
49.16 18.64 -0.41 0.39
49.20 19.03 2.24 0.60
49.24 21.39 3.18 -1.99
49.28 18.80 -0.92 -0.20
49.32 22.07 -1.53 0.14
49.36 22.56 0.97 -1.68
49.40 22.50 -0.02 -1.52
49.44 16.99 0.88 -0.99
49.48 20.91 0.16 -0.50
49.52 20.24 0.25 -1.76
49.56 16.54 -0.49 0.41
49.60 17.80 0.58 0.61
49.64 19.69 0.66 0.08
49.68 15.88 -0.82 0.74
49.72 17.76 0.33 0.42
49.76 18.90 -2.47 -0.68
49.80 15.69 -1.90 -1.32
49.84 17.76 -1.17 -0.61
49.88 16.13 -3.18 -0.92
49.92 16.68 0.45 -0.24
49.96 16.48 -0.04 0.42
50.00 18.38 -0.24 -0.29
50.04 14.02 0.49 -0.20
50.08 15.19 -0.79 -0.41
50.12 15.67 2.88 0.24
50.16 17.84 1.50 0.07
50.20 12.81 -0.35 -1.29
50.24 17.83 -0.63 -0.64
50.28 19.52 -3.08 -1.31
50.32 17.73 0.51 0.49
50.36 19.58 -1.22 -0.10
50.40 18.96 -0.33 -0.95
50.44 17.72 0.27 -0.95
50.48 15.74 -0.45 -2.49
50.52 15.32 3.51 -0.26
50.56 17.98 2.74 -1.67
50.60 13.65 1.79 -0.11
50.64 16.68 3.07 -0.40
50.68 12.79 -0.06 0.82
50.72 17.05 2.60 0.25
50.76 17.66 3.31 -0.68
50.80 12.32 5.27 -0.74
50.84 13.50 2.09 -0.17
50.88 13.67 3.26 -0.35
50.92 13.60 0.98 1.97
50.96 14.67 0.22 1.08
51.00 18.61 3.50 -1.12
51.04 14.87 3.35 -0.89
51.08 12.34 1.93 0.38
51.12 14.25 0.43 0.44
51.16 13.86 0.62 0.26
51.20 16.98 -3.04 0.74
51.24 15.62 0.39 -2.46
51.28 17.39 -3.37 -1.95
51.32 13.43 1.51 0.50
51.36 18.73 -0.26 -0.67
51.40 19.83 -1.57 0.48
51.44 19.66 -1.70 -0.39
51.48 20.00 -0.91 -1.16
51.52 20.53 -0.17 -1.66
51.56 14.95 8.54 -1.24
51.60 19.97 0.49 -0.33
51.64 16.99 -1.89 -0.64
51.68 19.49 0.68 -1.89
51.72 12.84 -5.82 1.37
51.76 16.72 -4.32 -0.29
51.80 14.94 1.84 -0.88
51.84 15.79 -1.15 -0.91
51.88 11.98 -1.23 -0.80
51.92 15.95 -0.91 -1.40
51.96 17.11 -4.13 -0.96
52.00 15.25 -1.26 -0.59
52.04 17.43 -2.55 -0.81
52.08 10.52 -3.85 0.81
52.12 12.35 -1.13 0.97
52.16 15.72 0.79 0.70
52.20 14.56 0.34 -0.46
52.24 17.92 2.62 -1.63
52.28 19.45 3.07 -1.67
52.32 18.64 2.47 -1.91
52.36 20.77 1.81 -0.16
52.40 19.42 0.86 -0.69
52.44 19.73 -0.47 -1.27
52.48 18.36 -2.16 -1.70
52.52 19.16 -1.28 0.28
52.56 18.46 0.23 -1.66
52.60 19.44 -2.01 -0.56
52.64 22.31 -4.13 -0.96
52.68 18.84 -2.17 2.21
52.72 25.04 -0.77 -0.62
52.76 22.39 -3.28 -1.09
52.80 20.77 -2.88 -1.12
52.84 17.81 -0.12 0.02
52.88 20.59 -2.45 0.46
52.92 23.11 -2.72 -0.72
52.96 16.48 0.84 -0.64
53.00 22.22 -3.93 -0.12
53.04 21.88 -2.43 -0.17
53.08 17.31 1.00 -0.03
53.12 20.24 -1.41 -0.64
53.16 11.18 -2.32 -1.06
53.20 12.83 0.83 0.83
53.24 16.06 1.90 0.15
53.28 12.29 -0.01 0.95
53.32 15.67 0.81 1.47
53.36 12.39 0.55 0.87
53.40 15.50 -2.04 0.09
53.44 17.20 -1.83 -1.48
53.48 16.19 -0.47 -2.30
53.52 19.10 -0.01 -2.00
53.56 15.44 -0.12 -1.95
53.60 14.10 3.48 -1.73
53.64 14.53 2.52 -1.40
53.68 9.71 4.62 -0.27
53.72 14.15 1.09 0.74
53.76 15.29 0.14 0.47
53.80 12.81 1.44 -0.05
53.84 14.20 3.04 0.21
53.88 14.68 3.53 0.26
53.92 12.96 2.74 -0.40
53.96 10.99 1.52 -0.45
54.00 16.42 1.12 -1.91
54.04 14.18 4.79 1.41
54.08 21.04 1.68 -1.95
54.12 19.77 1.54 -2.11
54.16 18.42 0.26 -0.82
54.20 10.84 3.74 -0.36
54.24 17.20 -1.38 -1.68
54.28 13.29 -1.27 -1.53
54.32 10.79 -1.26 0.43
54.36 16.23 -1.92 1.46
54.40 16.09 4.49 1.67
54.44 20.14 4.89 0.82
54.48 17.72 1.32 -0.10
54.52 20.54 0.02 0.00
54.56 15.60 1.62 -0.22
54.60 12.70 3.77 0.55
54.64 18.98 0.38 -0.71
54.68 20.06 -0.40 -1.17
54.72 21.83 1.63 -0.54
54.76 21.75 -1.56 -0.52
54.80 16.31 4.49 -1.35
54.84 19.74 4.74 -0.79
54.88 22.65 1.75 -2.83
54.92 18.49 -0.54 -1.25
54.96 19.71 -3.15 -2.26
55.00 18.73 -2.70 -3.18
55.04 16.31 -1.65 -3.98
55.08 15.06 -3.72 -1.45
55.12 15.93 0.51 -1.67
55.16 15.16 -0.96 -2.29
55.20 18.83 -0.08 -1.25
55.24 17.15 1.46 -1.17
55.28 19.12 0.56 -0.64
55.32 10.21 1.84 0.71
55.36 15.99 1.10 1.94
55.40 19.75 -0.76 0.00
55.44 15.13 0.38 -0.02
55.48 17.79 -0.80 0.95
55.52 15.92 0.62 0.29
55.56 16.90 1.08 0.24
55.60 19.54 1.51 0.18
55.64 20.72 1.86 -0.42
55.68 16.32 2.95 0.06
55.72 20.62 0.04 -0.33
55.76 20.55 0.44 -0.55
55.80 19.89 0.85 -0.12
55.84 18.04 1.00 -0.25
55.88 16.17 -0.72 -0.94
55.92 16.63 4.23 -0.75
55.96 18.68 1.67 -0.77
56.00 17.84 3.33 -0.86
56.04 20.77 1.77 -1.14
56.08 17.62 -2.33 -2.28
56.12 15.83 -0.33 -0.81
56.16 16.12 3.35 -0.07
56.20 17.99 1.61 -0.68
56.24 16.88 -0.82 -1.16
56.28 16.00 -2.43 -1.04
56.32 10.29 2.30 0.31
56.36 15.91 -1.82 1.00
56.40 19.80 0.21 -0.54
56.44 19.86 1.44 -1.95
56.48 17.70 1.12 -0.93
56.52 20.21 1.19 -0.97
56.56 22.13 2.89 -1.56
56.60 21.97 1.44 -2.24
56.64 15.14 2.30 -2.15
56.68 18.72 -1.77 -1.03
56.72 15.19 -4.33 -0.62
56.76 14.31 -2.92 0.66
56.80 18.70 0.71 0.08
56.84 16.03 1.08 -0.43
56.88 15.21 2.76 0.51
56.92 14.36 0.97 1.11
56.96 19.28 1.34 -0.09
57.00 18.35 1.64 -1.17
57.04 18.40 0.20 -1.82
57.08 17.24 0.61 -1.90
57.12 18.81 0.71 -0.70
57.16 18.31 -0.02 -0.82
57.20 20.13 -0.20 -1.83
57.24 18.74 2.02 -2.63
57.28 18.90 1.36 -2.97
57.32 18.81 1.42 -2.06
57.36 19.71 0.40 -2.17
57.40 11.28 0.62 0.03
57.44 16.32 0.66 1.52
57.48 16.16 -0.09 0.92
57.52 18.92 -0.05 -0.50
57.56 15.68 1.63 -1.72
57.60 18.95 -0.98 1.21
57.64 22.82 -1.48 -0.01
57.68 18.20 -4.94 0.26
57.72 19.28 -3.81 -0.19
57.76 16.68 -4.34 -1.59
57.80 13.51 -1.48 -0.85
57.84 14.91 -0.45 0.23
57.88 16.84 -1.49 0.35
57.92 16.91 0.90 -0.84
57.96 15.90 1.26 -0.61
58.00 11.49 -3.37 0.95
58.04 7.10 -3.37 0.56
58.08 14.95 -0.68 -0.28
58.12 14.64 1.56 -0.97
58.16 9.71 -0.15 -0.35
58.20 17.15 0.07 0.20
58.24 15.54 -3.68 0.31
58.28 18.54 -5.46 0.66
58.32 18.57 -4.79 0.08
58.36 19.02 -2.60 -1.26
58.40 18.93 -1.92 -1.40
58.44 14.57 -1.77 -1.00
58.48 15.77 -1.26 0.42
58.52 16.63 -0.86 -0.57
58.56 15.51 0.26 -0.56
58.60 15.95 0.88 -0.16
58.64 16.31 -1.25 0.95
58.68 15.43 0.59 0.02
58.72 14.50 0.97 -0.23
58.76 14.99 1.67 -0.11
58.80 18.17 1.72 -1.45
58.84 17.88 1.61 -1.04
58.88 17.58 1.02 -0.41
58.92 15.22 4.44 0.24
58.96 17.83 5.40 -0.55
59.00 21.44 2.80 -0.06
59.04 17.60 2.89 -0.73
59.08 19.27 0.32 -0.78
59.12 16.67 0.20 -0.78
59.16 18.45 1.35 -0.91
59.20 19.01 0.78 -0.48
59.24 19.48 2.27 -0.77
59.28 19.77 2.54 -0.95
59.32 22.88 2.45 -1.84
59.36 21.14 2.52 -1.33
59.40 17.04 3.46 0.93
59.44 18.36 2.15 2.11
59.48 21.64 -1.20 0.61
59.52 24.64 0.99 -0.29
59.56 21.75 0.03 -2.10
59.60 23.16 0.88 -1.98
59.64 22.39 1.30 -1.07
59.68 25.24 1.79 -2.00
59.72 21.46 1.34 -0.25
59.76 24.03 0.36 -1.95
59.80 21.98 -1.95 -1.60
59.84 28.11 -0.48 -0.59
59.88 25.31 -2.48 -1.39
59.92 23.90 -1.43 -1.80
59.96 22.73 3.25 -0.68
60.00 23.29 3.51 -1.89
60.04 19.35 4.38 -1.17
60.08 20.45 -0.26 -0.40
60.12 20.54 0.73 -1.08
60.16 24.33 -0.52 -0.47
60.20 25.19 -1.04 -0.93
60.24 23.20 -1.63 -0.93
60.28 22.94 0.11 -0.78
60.32 26.36 -5.48 -0.72
60.36 20.81 0.09 -2.68
60.40 23.31 -1.89 -0.91
60.44 18.95 2.20 -1.39
60.48 21.40 -0.35 -1.25
60.52 19.33 -3.11 -1.06
60.56 22.13 -0.06 -1.51
60.60 16.30 -0.39 -0.79
60.64 17.33 -2.43 0.74
60.68 23.16 -3.23 0.54
60.72 19.33 -3.44 -0.97
60.76 16.70 -3.65 -1.83
60.80 14.62 1.58 -0.65
60.84 16.46 2.46 -0.74
60.88 16.43 3.57 -0.25
60.92 13.42 -3.84 1.02
60.96 15.89 -2.67 1.36
61.00 18.17 0.38 -0.28
61.04 16.54 3.78 0.05
61.08 20.51 -0.74 0.58
61.12 20.46 -1.63 -0.64
61.16 18.56 3.39 1.91
61.20 22.11 3.71 -0.33
61.24 20.31 3.68 -1.36
61.28 12.34 6.29 0.50
61.32 16.90 1.13 1.58
61.36 17.21 2.36 2.44
61.40 20.28 1.70 0.75
61.44 20.24 3.52 0.35
61.48 19.24 4.13 -0.13
61.52 20.03 3.17 0.81
61.56 22.57 0.39 -1.28
61.60 18.84 1.13 -1.61
61.64 21.10 1.63 -0.79
61.68 19.42 2.98 -0.74
61.72 21.79 2.24 1.34
61.76 21.09 2.02 1.44
61.80 22.56 0.80 -0.68
61.84 23.07 1.72 -0.66
61.88 19.91 -0.54 -0.27
61.92 19.78 0.24 -0.09
61.96 16.86 0.82 2.60
62.00 19.87 1.34 1.17
62.04 17.58 1.73 0.53
62.08 21.02 1.06 -0.47
62.12 18.87 3.10 0.06
62.16 20.84 0.85 0.05
62.20 22.55 2.25 -0.23
62.24 22.45 3.11 -0.53
62.28 19.50 1.66 -0.89
62.32 20.33 2.58 -0.34
62.36 21.65 0.91 -0.01
62.40 20.52 0.09 -1.24
62.44 16.63 -1.77 -0.90
62.48 18.13 1.17 0.03
62.52 17.21 0.86 -0.06
62.56 18.91 -0.70 -0.21
62.60 18.05 3.55 -0.17
62.64 16.39 0.56 0.51
62.68 17.30 1.30 0.39
62.72 18.36 8.62 0.68
62.76 9.33 -2.85 -1.62
62.80 19.44 0.62 0.22
62.84 21.01 0.39 -1.32
62.88 20.88 0.22 -2.32
62.92 17.96 -1.49 -1.52
62.96 17.88 0.68 0.08
63.00 19.92 2.01 0.37
63.04 19.66 0.40 -0.59
63.08 18.18 -0.23 -0.96
63.12 18.16 1.34 0.09
63.16 18.40 1.82 0.69
63.20 17.95 -0.31 0.36
63.24 21.20 0.89 -0.44
63.28 19.71 -0.93 -1.29
63.32 19.22 -1.12 -1.50
63.36 18.85 -1.80 -2.18
63.40 17.22 0.45 -1.65
63.44 20.49 -0.27 -1.59
63.48 19.12 -1.32 -2.07
63.52 18.29 -3.28 -0.78
63.56 15.82 -1.60 -0.12
63.60 16.04 1.48 0.14
63.64 16.73 -1.08 -0.22
63.68 15.88 -2.34 -1.82
63.72 16.46 -2.84 -1.84
63.76 15.59 -3.98 -0.72
63.80 7.95 -5.34 1.26
63.84 17.74 -4.12 2.64
63.88 16.00 1.54 2.83
63.92 20.99 0.73 0.59
63.96 18.83 0.03 -2.23
64.00 19.74 1.10 -2.10
64.04 18.23 0.40 -1.75
64.08 13.57 1.91 -0.02
64.12 15.28 2.14 2.68
64.16 22.96 -1.02 -0.98
64.20 22.14 0.29 -1.12
64.24 22.34 -0.33 -1.70
64.28 22.93 0.37 -1.32
64.32 20.36 0.90 -2.34
64.36 19.54 2.03 -2.15
64.40 20.61 -0.83 -0.90
64.44 21.62 0.85 -0.95
64.48 16.63 -2.12 -1.12
64.52 16.57 0.17 0.74
64.56 17.51 -3.68 -0.84
64.60 17.86 -1.11 -0.88
64.64 21.36 -0.91 -1.25
64.68 20.68 0.02 -1.79
64.72 20.10 -0.03 -1.46
64.76 21.08 -1.10 -1.98
64.80 20.33 -2.37 -0.28
64.84 21.84 -1.07 -0.88
64.88 19.08 1.10 -1.57
64.92 22.58 0.71 -0.69
64.96 20.56 -0.91 -0.97
65.00 14.61 -1.22 -0.21
65.04 20.30 -0.58 0.19
65.08 19.78 1.59 -0.23
65.12 17.26 1.28 -0.98
65.16 18.05 1.27 -0.99
65.20 17.14 1.26 -1.52
65.24 16.61 -4.23 0.37
65.28 17.68 -1.96 0.45
65.32 20.11 0.44 -1.01
65.36 18.73 -0.15 -1.63
65.40 16.44 -0.82 0.72
65.44 18.64 -0.27 0.21
65.48 16.08 -0.38 -0.03
65.52 16.24 -0.99 0.70
65.56 19.82 0.73 -1.34
65.60 17.09 0.25 -1.92
65.64 17.90 2.02 -1.47
65.68 13.93 -1.37 0.32
65.72 16.08 -0.66 1.53
65.76 16.67 -0.67 0.51
65.80 17.76 -1.47 0.58
65.84 16.70 -1.18 -0.24
65.88 18.76 -1.97 0.18
65.92 17.24 0.35 -0.76
65.96 12.56 2.98 0.22
66.00 15.63 1.21 -0.71
66.04 13.98 1.89 -0.15
66.08 17.07 1.16 0.16
66.12 18.81 -0.78 -2.15
66.16 14.46 -2.06 -0.34
66.20 18.77 -1.82 0.34
66.24 20.46 -0.92 -0.67
66.28 17.18 -0.83 -0.62
66.32 18.46 -1.27 -0.36
66.36 16.07 1.39 -0.56
66.40 13.13 1.52 -0.83
66.44 10.55 -2.80 -0.13
66.48 12.43 3.43 0.00
66.52 14.72 0.41 -0.18
66.56 16.49 0.47 -0.34
66.60 17.32 2.01 -0.99
66.64 16.77 3.02 -0.15
66.68 17.11 3.21 -0.55
66.72 16.17 1.93 -0.74
66.76 17.09 1.08 -0.52
66.80 14.14 -0.57 1.49
66.84 19.35 0.63 0.28
66.88 19.98 0.23 0.47
66.92 14.91 3.40 1.23
66.96 14.52 4.43 1.01
67.00 15.74 3.06 0.08
67.04 15.18 -0.26 -0.90
67.08 17.09 0.26 -0.87
67.12 12.15 -3.26 0.18
67.16 13.04 -3.14 0.55
67.20 15.10 2.78 0.47
67.24 14.14 3.06 0.34
67.28 13.64 0.45 0.11
67.32 9.32 -1.68 -0.74
67.36 13.37 0.85 1.01
67.40 16.77 0.45 1.25
67.44 17.05 -2.50 0.26
67.48 14.00 -5.28 -1.67
67.52 13.46 -2.02 -0.04
67.56 15.97 -1.68 -0.51
67.60 11.63 2.63 -0.68
67.64 11.89 1.47 -0.24
67.68 13.59 0.99 -0.12
67.72 11.89 0.71 -1.16
67.76 11.16 1.00 -1.17
67.80 9.99 -2.57 -0.88
67.84 11.49 0.41 0.72
67.88 15.82 1.74 0.85
67.92 14.54 -0.42 0.83
67.96 17.08 -0.04 0.14
68.00 15.60 -0.96 -0.17
68.04 13.88 -1.82 -0.05
68.08 11.97 3.69 -0.17
68.12 15.35 0.21 -0.07
68.16 16.66 -0.32 -1.54
68.20 19.59 -0.98 -3.01
68.24 14.93 -3.86 -1.50
68.28 17.21 -1.73 -1.18
68.32 17.85 -0.86 -0.61
68.36 17.51 -0.80 -1.01
68.40 14.49 -0.94 0.11
68.44 13.50 -2.67 -0.56
68.48 8.47 0.94 -0.50
68.52 13.68 2.28 0.30
68.56 12.78 -1.81 1.69
68.60 18.76 -0.17 1.20
68.64 17.72 0.33 -0.01
68.68 15.45 0.42 1.10
68.72 15.62 2.00 0.84
68.76 13.88 0.31 2.56
68.80 19.44 4.93 0.32
68.84 11.22 0.98 0.08
68.88 9.65 -0.68 3.29
68.92 11.91 -1.66 2.82
68.96 11.68 -2.29 1.87
69.00 11.42 -8.17 0.34
69.04 13.03 -4.28 1.41
69.08 13.58 -4.11 1.98
69.12 15.60 -5.54 1.37
69.16 17.24 -5.01 0.93
69.20 16.49 -1.61 0.70
69.24 17.05 -0.87 -0.01
69.28 14.77 -0.87 0.48
69.32 15.57 1.62 0.57
69.36 14.40 1.38 0.31
69.40 13.43 0.30 0.82
69.44 14.74 0.47 0.26
69.48 11.06 -0.34 -0.68
69.52 12.68 -2.22 -0.42
69.56 7.35 -3.82 1.62
69.60 10.01 -3.20 1.64
69.64 13.71 -2.86 0.98
69.68 12.48 -1.93 0.47
69.72 16.00 -1.85 -1.00
69.76 14.47 -1.92 -1.08
69.80 8.50 -1.16 -0.76
69.84 13.92 1.86 -1.60
69.88 13.73 1.55 -1.79
69.92 8.66 -0.31 0.93
69.96 14.07 0.14 2.47
70.00 14.26 2.68 2.26
70.04 16.52 1.33 0.44
70.08 16.16 2.72 -0.50
70.12 14.32 0.40 1.23
70.16 16.14 0.79 1.29
70.20 9.18 -0.79 0.58
70.24 12.78 2.25 0.29
70.28 18.39 1.77 1.37
70.32 20.05 1.33 0.68
70.36 18.47 1.66 0.25
70.40 22.45 7.05 -0.97
70.44 21.07 1.53 -2.39
70.48 18.33 2.91 2.63
70.52 19.68 5.64 -0.40
70.56 17.84 4.83 -1.12
70.60 16.19 0.89 -2.50
70.64 7.16 0.93 -0.91
70.68 19.68 -1.37 -1.52
70.72 18.60 -2.04 -2.24
70.76 18.06 -2.07 -2.93
70.80 1.00 -0.07 2.32
70.84 16.61 2.67 -0.86
70.88 16.78 0.35 0.30
70.92 13.66 -1.59 0.38
70.96 16.83 0.18 1.01
71.00 10.35 2.34 -0.80
71.04 14.33 1.25 0.02
71.08 17.65 -3.16 -0.55
71.12 20.14 -1.53 -1.39
71.16 17.89 -3.41 -1.58
71.20 14.13 -4.07 0.09
71.24 16.74 -1.67 0.40
71.28 16.57 -2.54 0.54
71.32 21.23 -0.55 -1.43
71.36 18.28 1.20 -1.45
71.40 19.79 -0.03 -0.69
71.44 20.18 0.44 -0.55
71.48 21.69 0.15 -0.72
71.52 21.68 0.77 -1.27
71.56 20.62 -0.32 -1.74
71.60 15.14 0.52 0.38
71.64 20.19 -1.64 -0.82
71.68 20.63 -2.03 -0.58
71.72 24.36 -2.24 0.45
71.76 24.37 -2.30 -1.85
71.80 20.43 0.53 -1.66
71.84 23.42 -1.18 -1.84
71.88 21.26 -1.66 -1.98
71.92 18.18 -0.42 -2.13
71.96 18.36 0.72 -1.90
72.00 16.75 -0.54 -1.09
72.04 15.76 1.08 -0.35
72.08 16.47 -0.41 -0.03
72.12 15.96 -2.45 0.68
72.16 16.50 -3.43 1.49
72.20 17.65 -0.48 -0.49
72.24 18.14 0.44 -0.85
72.28 19.37 0.31 -1.38
72.32 17.77 -2.32 1.18
72.36 19.48 -1.52 0.51
72.40 16.56 -0.39 0.12
72.44 16.13 -0.04 0.62
72.48 20.57 -1.76 -0.52
72.52 20.42 -3.49 -1.10
72.56 18.60 -1.16 -0.75
72.60 20.74 -4.45 -0.45
72.64 19.62 -3.97 -0.13
72.68 22.78 -3.63 -0.35
72.72 22.21 -0.28 -1.90
72.76 19.75 -1.55 -2.39
72.80 16.26 0.11 -0.97
72.84 16.86 -0.34 0.42
72.88 15.76 0.84 1.42
72.92 19.37 0.52 0.43
72.96 14.69 -0.08 -0.29
73.00 17.12 1.58 2.24
73.04 21.77 2.42 0.80
73.08 13.99 2.60 -0.79
73.12 12.89 3.99 -0.68
73.16 14.57 5.16 0.01
73.20 16.78 4.18 -0.70
73.24 19.47 0.96 -1.43
73.28 20.01 1.34 -1.73
73.32 14.62 -0.62 -0.70
73.36 21.99 1.82 0.60
73.40 19.95 4.03 -3.02
73.44 18.92 0.00 -0.69
73.48 18.10 0.21 0.41
73.52 19.71 -1.26 1.26
73.56 21.10 1.90 0.01
73.60 17.15 3.68 -1.98
73.64 12.63 2.46 -0.59
73.68 19.78 0.68 -0.23
73.72 19.79 3.21 -0.95
73.76 21.99 0.88 -0.96
73.80 20.17 1.90 -0.86
73.84 11.10 2.59 -0.53
73.88 18.00 2.29 1.03
73.92 17.80 1.37 0.64
73.96 18.59 1.61 -1.56
74.00 18.74 1.01 -1.49
74.04 19.76 1.23 -1.75
74.08 17.19 2.73 0.08
74.12 21.03 -0.81 0.05
74.16 21.01 1.29 0.45
74.20 21.67 -0.97 -0.50
74.24 20.76 0.38 -0.60
74.28 20.30 0.14 -0.59
74.32 18.04 0.06 -0.31
74.36 19.56 -0.23 0.08
74.40 21.27 -1.27 -0.28
74.44 18.89 0.05 -1.00
74.48 17.97 2.18 0.13
74.52 17.88 1.98 0.17
74.56 22.58 0.33 0.50
74.60 20.51 0.17 -0.50
74.64 18.73 2.62 -0.86
74.68 19.58 1.43 -1.49
74.72 19.19 0.06 -1.48
74.76 19.39 0.62 -1.21
74.80 19.02 1.99 -1.12
74.84 17.79 0.87 -1.27
74.88 18.53 -3.05 -0.98
74.92 17.08 -1.08 -0.39
74.96 16.03 -1.05 -0.73
75.00 15.54 1.53 0.24
75.04 19.44 3.41 -0.51
75.08 15.98 -0.16 -0.76
75.12 22.16 -0.44 -1.23
75.16 22.44 0.07 -1.97
75.20 17.02 0.90 -1.88
75.24 18.50 -0.27 -1.37
75.28 18.75 -1.62 -1.83
75.32 19.09 -1.76 -0.49
75.36 18.35 -0.64 -1.26
75.40 14.84 -0.82 -0.52
75.44 19.55 -1.26 0.63
75.48 17.33 -0.83 -0.13
75.52 14.47 4.60 1.51
75.56 19.65 1.15 0.31
75.60 19.92 -0.12 -0.93
75.64 14.37 0.58 0.30
75.68 16.13 0.71 0.33
75.72 14.00 1.93 -0.13
75.76 18.53 1.22 0.24
75.80 16.92 2.13 0.16
75.84 15.92 2.81 0.33
75.88 14.77 -0.72 0.73
75.92 13.49 2.10 0.51
75.96 14.34 2.68 -0.47
76.00 12.62 1.12 -0.28
76.04 15.14 1.95 0.50
76.08 15.66 1.79 -0.05
76.12 8.59 -0.04 0.30
76.16 9.60 0.28 0.51
76.20 11.05 0.11 0.95
76.24 12.39 -0.87 -0.82
76.28 14.78 -0.97 0.00
76.32 15.74 -0.28 0.42
76.36 10.91 4.13 0.23
76.40 5.90 -2.60 -0.22
76.44 15.28 -3.14 1.20
76.48 17.44 0.76 -0.31
76.52 15.58 -0.30 -0.24
76.56 17.95 -1.23 0.44
76.60 19.26 -0.33 -0.26
76.64 15.76 -1.54 -1.55
76.68 13.03 0.51 0.31
76.72 17.84 -1.21 0.14
76.76 18.97 -0.57 -0.49
76.80 16.22 -1.16 -1.81
76.84 16.49 0.42 -0.44
76.88 17.37 1.58 -0.62
76.92 16.13 1.34 -0.69
76.96 18.17 -0.20 -0.51
77.00 13.42 -3.14 0.20
77.04 13.48 0.40 -1.26
77.08 17.07 2.46 -1.15
77.12 14.16 5.99 0.33
77.16 17.64 2.10 -0.60
77.20 15.76 0.78 -1.58
77.24 13.95 0.54 -0.82
77.28 12.17 0.06 0.04
77.32 12.13 -0.99 0.45
77.36 15.23 1.58 0.85
77.40 17.25 1.94 -0.33
77.44 19.52 1.77 -1.08
77.48 13.14 1.66 -0.30
77.52 12.29 1.31 0.87
77.56 12.18 1.95 0.88
77.60 16.33 2.33 0.78
77.64 14.69 3.07 -0.50
77.68 14.29 -0.34 -0.73
77.72 13.84 2.15 0.12
77.76 17.30 -1.53 0.14
77.80 14.49 -2.55 -1.24
77.84 16.66 -1.34 -0.07
77.88 15.73 0.99 -0.03
77.92 18.00 1.49 -0.22
77.96 15.43 -0.90 -0.32
78.00 19.92 0.08 -0.46
78.04 13.67 1.06 1.18
78.08 14.99 0.68 1.02
78.12 10.07 -0.07 1.27
78.16 14.27 -0.33 1.65
78.20 22.26 1.66 0.10
78.24 20.78 1.72 -0.64
78.28 18.74 -0.33 0.09
78.32 22.27 1.61 -0.48
78.36 20.35 0.33 -1.77
78.40 20.71 0.08 -1.29
78.44 18.72 3.40 -1.30
78.48 21.13 -0.08 0.33
78.52 17.90 2.77 -1.30
78.56 17.66 -0.59 -2.31
78.60 12.79 0.51 -1.33
78.64 14.72 -2.60 1.53
78.68 15.35 -1.67 0.29
78.72 12.86 4.54 0.08
78.76 17.65 -0.21 1.18
78.80 20.02 -1.01 0.24
78.84 18.47 -0.68 -0.68
78.88 22.05 0.82 -0.92
78.92 20.12 1.04 -0.46
78.96 21.24 0.81 -0.93
79.00 20.05 -0.58 -1.81
79.04 20.74 0.29 -1.86
79.08 19.68 1.20 -1.37
79.12 18.78 0.12 -1.33
79.16 19.25 -4.71 0.48
79.20 16.98 0.78 -0.44
79.24 18.53 2.77 -0.11
79.28 17.57 -0.61 1.41
79.32 15.71 -0.54 1.45
79.36 16.34 0.74 1.50
79.40 16.70 0.39 0.50
79.44 15.85 3.09 0.17
79.48 15.62 2.04 0.13
79.52 16.55 2.26 0.71
79.56 20.36 0.60 -1.11
79.60 18.13 1.90 -1.55
79.64 19.69 4.57 -0.86
79.68 18.28 0.89 -0.27
79.72 17.43 0.38 -0.64
79.76 18.30 0.24 -0.47
79.80 16.02 -0.34 0.13
79.84 18.48 0.13 -0.15
79.88 19.97 2.21 -0.07
79.92 21.56 2.46 -0.63
79.96 19.07 3.39 -1.85
80.00 20.65 1.31 -0.90
80.04 19.51 -3.21 0.94
80.08 19.82 -1.19 -0.21
80.12 14.62 -3.21 -0.85
80.16 17.41 2.45 0.64
80.20 20.72 0.38 -0.41
80.24 20.77 1.55 -1.60
80.28 21.41 0.98 -1.95
80.32 13.51 6.19 -1.14
80.36 16.28 3.66 -0.64
80.40 18.29 1.83 -0.75
80.44 17.47 0.09 -0.78
80.48 18.86 -0.38 0.56
80.52 16.36 1.94 1.28
80.56 18.30 1.54 0.85
80.60 18.77 3.17 -0.50
80.64 14.35 1.96 0.20
80.68 17.21 0.86 1.10
80.72 19.42 0.88 0.33
80.76 17.51 2.87 -0.02
80.80 14.77 2.10 1.51
80.84 13.29 2.22 2.21
80.88 14.09 -0.71 1.39
80.92 9.29 1.00 1.23
80.96 11.74 -1.39 1.06
81.00 12.14 -0.64 0.74
81.04 10.37 -0.88 0.33
81.08 10.53 0.72 0.44
81.12 15.74 -0.38 0.98
81.16 18.24 1.35 0.21
81.20 16.88 0.40 0.08
81.24 12.91 -0.37 0.65
81.28 16.55 -0.33 -0.33
81.32 17.83 0.01 -0.58
81.36 18.46 0.39 -1.26
81.40 21.81 1.62 -1.43
81.44 22.57 1.82 -2.41
81.48 17.61 4.44 -1.52
81.52 19.09 0.04 -1.31
81.56 16.61 0.10 -0.76
81.60 21.21 -1.20 -0.11
81.64 22.19 -1.88 -1.99
81.68 21.01 -1.43 -2.03
81.72 19.50 -1.25 -1.98
81.76 20.05 -0.47 -1.69
81.80 20.72 0.67 -2.11
81.84 20.56 -1.78 -2.27
81.88 20.72 -0.28 -1.67
81.92 20.62 2.51 -0.43
81.96 18.91 2.91 1.16
82.00 19.73 -2.11 -0.04
82.04 17.29 -3.13 -0.19
82.08 15.64 0.54 0.80
82.12 20.34 -1.05 0.40
82.16 18.80 -1.84 -0.01
82.20 18.88 -1.04 -0.33
82.24 17.73 -1.78 -0.76
82.28 17.76 -2.19 -0.67
82.32 17.99 -1.50 -0.70
82.36 8.06 -2.84 -0.15
82.40 16.77 -0.14 0.94
82.44 14.35 1.85 0.31
82.48 12.38 3.60 0.34
82.52 16.67 1.08 0.27
82.56 20.51 -0.55 -1.70
82.60 16.80 -0.87 -3.31
82.64 17.48 -0.39 -0.38
82.68 19.03 -0.59 -0.64
82.72 15.28 1.62 0.12
82.76 17.59 -1.27 1.09
82.80 17.55 -0.65 1.35
82.84 17.88 -1.82 1.46
82.88 15.74 -0.60 0.52
82.92 15.47 0.62 -0.04
82.96 16.42 2.81 -0.69
83.00 13.59 2.59 1.27
83.04 17.45 3.33 1.48
83.08 13.60 1.72 1.78
83.12 14.64 1.34 1.44
83.16 15.01 2.35 1.00
83.20 20.08 0.25 -0.08
83.24 20.21 0.64 -1.10
83.28 18.88 -0.63 -1.76
83.32 18.48 2.64 -1.42
83.36 14.80 0.52 -0.29
83.40 19.59 -0.86 0.37
83.44 18.63 -0.26 -1.57
83.48 16.38 -1.82 -1.30
83.52 20.32 1.04 -0.64
83.56 18.95 2.00 -1.68
83.60 14.45 1.94 -1.97
83.64 17.20 3.04 0.56
83.68 18.73 -0.24 -0.58
83.72 18.81 -2.34 -0.74
83.76 15.32 -0.95 -1.62
83.80 19.47 0.12 -0.12
83.84 17.72 -2.11 -1.10
83.88 16.48 -4.70 -0.78
83.92 14.18 -6.13 0.07
83.96 2.53 -2.34 0.21
84.00 18.50 1.58 0.69
84.04 18.42 3.32 -1.73
84.08 14.70 3.18 -1.36
84.12 18.56 -0.26 -0.66
84.16 16.70 0.60 -0.53
84.20 16.80 1.32 -0.70
84.24 11.50 3.22 -1.00
84.28 18.18 0.48 -0.96
84.32 16.41 -1.12 -1.46
84.36 17.15 5.48 -1.08
84.40 21.92 1.52 -2.34
84.44 19.82 -0.23 -2.84
84.48 19.46 5.17 -0.83
84.52 19.00 4.31 -2.28
84.56 14.41 0.64 -0.95
84.60 18.28 0.89 -1.25
84.64 19.73 3.12 -2.34
84.68 13.16 3.37 -1.54
84.72 14.44 0.14 1.07
84.76 14.61 -1.20 1.00
84.80 12.64 -3.85 0.94
84.84 19.05 -4.89 1.88
84.88 14.54 0.30 -0.56
84.92 17.47 0.67 -0.65
84.96 13.61 3.00 0.03
85.00 15.90 2.20 0.90
85.04 15.19 1.06 0.80
85.08 14.99 2.16 0.68
85.12 16.40 2.38 0.33
85.16 16.97 2.50 0.48
85.20 14.49 5.61 0.38
85.24 16.80 -0.84 0.41
85.28 15.95 -1.04 -0.29
85.32 15.63 2.52 -1.00
85.36 15.35 2.96 -0.91
85.40 8.87 1.01 -0.42
85.44 14.51 2.28 0.51
85.48 12.82 3.10 0.37
85.52 11.72 2.23 -0.40
85.56 9.11 6.35 0.25
85.60 14.45 0.37 1.52
85.64 13.74 0.08 1.67
85.68 12.97 -2.93 1.97
85.72 17.48 -0.70 2.10
85.76 14.95 2.02 1.30
85.80 18.70 1.44 0.43
85.84 16.89 2.53 -0.72
85.88 13.62 3.48 -0.66
85.92 14.84 0.04 0.82
85.96 19.23 -1.38 0.40
86.00 17.45 1.50 -1.84
86.04 17.15 0.79 -1.13
86.08 17.82 -0.62 0.17
86.12 21.11 1.59 -1.06
86.16 16.31 0.22 -1.53
86.20 16.60 -2.09 -1.10
86.24 15.03 0.07 -1.85
86.28 16.58 -1.15 0.14
86.32 15.15 -3.38 -0.47
86.36 15.59 -2.62 0.51
86.40 17.10 -0.81 0.09
86.44 16.92 -0.23 -1.21
86.48 14.59 -4.07 -0.15
86.52 18.12 -0.96 0.68
86.56 16.46 1.19 -0.99
86.60 19.55 -2.31 -0.65
86.64 21.70 -0.34 -1.16
86.68 20.02 -0.08 -1.04
86.72 22.74 0.04 -1.16
86.76 20.66 -0.17 -1.53
86.80 19.53 -1.35 -1.67
86.84 17.17 1.90 -0.83
86.88 19.17 2.66 -1.70
86.92 13.19 -2.52 -0.06
86.96 18.46 -0.75 1.18
87.00 21.68 0.27 -2.14
87.04 21.94 -0.80 -2.47
87.08 18.75 1.27 0.73
87.12 19.53 -2.33 1.84
87.16 17.18 -0.87 0.96
87.20 16.89 -1.48 0.73
87.24 21.90 -2.37 -0.07
87.28 18.43 -3.07 -0.77
87.32 21.77 -1.82 -0.71
87.36 22.46 -0.83 -1.61
87.40 21.01 -0.46 -2.23
87.44 18.83 -0.48 -1.19
87.48 22.46 1.69 -2.56
87.52 23.28 -1.03 -1.68
87.56 20.89 -0.46 -3.18
87.60 18.86 0.01 -3.15
87.64 13.44 -1.08 -1.39
87.68 17.10 -3.86 0.06
87.72 19.10 -2.58 -0.76
87.76 17.34 -1.13 -0.87
87.80 18.28 0.82 -1.69
87.84 16.38 -0.05 0.08
87.88 18.31 -0.06 0.36
87.92 17.80 0.22 -0.60
87.96 16.48 0.28 -0.72
88.00 10.88 2.02 -0.41
88.04 15.70 0.54 -0.42
88.08 11.61 0.11 -0.55
88.12 21.12 -0.33 -0.38
88.16 20.69 -1.34 -1.02
88.20 23.13 0.21 -0.25
88.24 22.46 1.45 -1.29
88.28 23.31 2.10 -1.95
88.32 18.02 4.09 -1.93
88.36 19.41 3.29 -1.18
88.40 19.25 -0.65 -1.89
88.44 16.78 -0.56 -1.00
88.48 20.60 2.77 -1.36
88.52 21.16 3.12 -2.86
88.56 16.58 2.73 -2.36
88.60 19.10 0.44 -0.90
88.64 19.69 2.04 -1.30
88.68 15.05 4.81 -0.36
88.72 19.36 -0.91 -1.84
88.76 19.34 0.83 -1.44
88.80 19.94 3.04 0.32
88.84 21.14 3.36 -0.33
88.88 21.65 0.31 -0.23
88.92 22.00 2.25 -0.37
88.96 20.11 2.26 0.51
89.00 18.75 0.31 -0.40
89.04 16.72 0.46 -0.73
89.08 16.30 -5.50 1.42
89.12 14.65 2.91 2.26
89.16 16.42 2.94 1.88
89.20 17.17 1.15 -2.11
89.24 15.73 3.65 -1.25
89.28 16.82 0.96 -0.91
89.32 15.98 1.40 -0.81
89.36 17.44 0.12 -0.19
89.40 16.72 -0.75 0.47
89.44 10.42 -2.22 -0.02
89.48 10.90 0.86 -0.84
89.52 17.28 1.50 0.74
89.56 17.35 1.02 -0.30
